Sample	Total_alignments	Percent_mapped	Percent_duplicates	Percent_properly_paired	Fraction_reads_pass_filter	Num_filtered_reads
SAMN16492784 	 22573032 	 99.29 	 0.1727188886278104 	 96.07 	 0.9753961110699323 	 22107704
SAMN16492832 	 15679715 	 99.35 	 0.17486669878884917 	 96.65 	 0.9781005235610097 	 15356724
SAMN16492884 	 13331162 	 99.47 	 0.25080671887416867 	 96.42 	 0.9758526412810242 	 13005760
SAMN16492871 	 21143853 	 99.4 	 0.18459951457286428 	 96.73 	 0.9786664946980168 	 20699914
SAMN16492867 	 22175031 	 99.38 	 0.19683548582186874 	 95.36 	 0.9748031601183267 	 21613168
SAMN16492865 	 16508649 	 99.5 	 0.20209012863499612 	 95.09 	 0.9749438434674681 	 16024372
SAMN16492856 	 17651772 	 99.43 	 0.19879307301272642 	 94.67 	 0.9735348581804387 	 17030460
SAMN16492850 	 20357080 	 99.31 	 0.1856396889927239 	 96.48 	 0.9767540705538493 	 19933390
SAMN16492845 	 34102284 	 99.34 	 0.18178052238377934 	 96.6 	 0.9771321916560074 	 33405912
SAMN16492843 	 20961171 	 99.33 	 0.17369983766651204 	 96.34 	 0.9760199256782855 	 20518008
SAMN16492839 	 19751199 	 99.33 	 0.17087124685443147 	 96.54 	 0.9770989598452302 	 19347814
SAMN16492660 	 29139640 	 99.47 	 0.23281821601090474 	 97.24 	 0.9820782227844073 	 28583862
SAMN16492835 	 7432978 	 99.26 	 0.15419391796935225 	 96.51 	 0.9761019734902376 	 7283384
SAMN16492827 	 23981332 	 99.32 	 0.18594271577575425 	 95.96 	 0.9769540751267655 	 23450196
SAMN16492837 	 21119581 	 99.29 	 0.1729800416021511 	 96.04 	 0.9749370156848585 	 20670716
SAMN16492821 	 20229299 	 99.24 	 0.18002942168188824 	 95.95 	 0.9772797303127924 	 19778152
SAMN16492816 	 19695038 	 99.27 	 0.17930145653945934 	 95.9 	 0.9752902560437273 	 19278424
SAMN16492814 	 18105872 	 99.26 	 0.1828321220872433 	 95.93 	 0.9760153329758725 	 17711272
SAMN16492808 	 23807512 	 99.34 	 0.1872321643689605 	 96.49 	 0.9780513914134242 	 23294606
SAMN16492803 	 14916556 	 99.24 	 0.1657988613457423 	 95.8 	 0.9744012873728479 	 14595286
SAMN16492800 	 27891058 	 99.27 	 0.17306446388659763 	 95.84 	 0.9747910707156429 	 27282626
SAMN16492795 	 22445795 	 99.26 	 0.17995303797437337 	 96.34 	 0.9771047933867258 	 21989546
SAMN16492658 	 8501735 	 99.53 	 0.21110455689338706 	 97.86 	 0.9840768915611955 	 8353874
SAMN16492445 	 12860608 	 99.37 	 0.21206874511687163 	 96.76 	 0.9783125880853715 	 12607168
SAMN16492769 	 54727624 	 99.27 	 0.19963654917670096 	 95.81 	 0.9728662230138471 	 53535188
SAMN16492759 	 16561524 	 99.26 	 0.16748386199241083 	 95.82 	 0.9718477817066553 	 16199892
SAMN16492757 	 31140741 	 99.3 	 0.16676613443463018 	 96.02 	 0.9728357673826336 	 30498090
SAMN16492754 	 35939884 	 99.29 	 0.1951911697878602 	 96.07 	 0.9748148975683699 	 35182140
SAMN16492728 	 19853168 	 99.31 	 0.17250032841106266 	 95.97 	 0.9763630689760012 	 19460732
SAMN16492725 	 18774259 	 99.34 	 0.1484491078982132 	 95.92 	 0.9748982906514495 	 18402030
SAMN16492720 	 13001139 	 99.47 	 0.21368497021684024 	 97.32 	 0.9814921855279538 	 12769178
SAMN16492710 	 31011806 	 99.48 	 0.25195265957745255 	 97.2 	 0.9817642713879129 	 30448174
SAMN16492532 	 18881945 	 99.27 	 0.2099260431062584 	 96.16 	 0.9759166685576207 	 18493494
SAMN16492438 	 25708973 	 99.31 	 0.2377752312393031 	 96.23 	 0.9777343526641988 	 25170230
SAMN16492432 	 21640906 	 99.41 	 0.22496937050602225 	 96.74 	 0.9800743874240774 	 21187942
SAMN16492428 	 14742206 	 99.38 	 0.20748651863906936 	 96.3 	 0.9786069153925641 	 14415880
SAMN16492425 	 11330871 	 99.33 	 0.21874911469736086 	 96.62 	 0.9783245194624258 	 11106118
SAMN16492424 	 25831358 	 99.26 	 0.2183345141978211 	 95.56 	 0.9752801505380849 	 25233476
SAMN16492417 	 20094296 	 99.38 	 0.20859307536825375 	 96.96 	 0.9785074956866533 	 19720570
SAMN16492899 	 10684138 	 99.5 	 0.16940065731086587 	 96.74 	 0.9777657685043669 	 10421448
SAMN16492889 	 20297310 	 99.44 	 0.193926338022132 	 95.55 	 0.976894783470375 	 19799512
SAMN16492524 	 32365227 	 99.29 	 0.2554577479095079 	 96.6 	 0.9776843388282829 	 31809046
SAMN16492447 	 43022444 	 99.46 	 0.23187785426601984 	 97.24 	 0.9803995675983274 	 42230480
SAMN16492860 	 17042394 	 99.33 	 0.1862994717760897 	 96.1 	 0.9768541150575617 	 16589552
SAMN16492844 	 14761854 	 99.33 	 0.16140730019413552 	 96.12 	 0.9767801711032993 	 14444422
SAMN16492841 	 27677190 	 99.28 	 0.1784613250116793 	 96.38 	 0.9776151224850766 	 27080764
SAMN16492833 	 17534357 	 99.34 	 0.18106566439818694 	 96.56 	 0.9786943976487226 	 17171708
SAMN16492822 	 12151857 	 99.22 	 0.16289386881363072 	 95.87 	 0.9742623853259165 	 11879002
SAMN16492521 	 50266534 	 99.3 	 0.22954952493840136 	 96.58 	 0.9769319725402458 	 49348812
SAMN16492819 	 28314965 	 99.27 	 0.18947401135759837 	 96.4 	 0.977645844197945 	 27745198
SAMN16492654 	 10652095 	 99.52 	 0.20398269072891295 	 97.61 	 0.9825462280633971 	 10451920
SAMN16492708 	 10796452 	 99.47 	 0.20726494222361197 	 97.33 	 0.9802745771466465 	 10605126
SAMN16492702 	 20811536 	 99.45 	 0.21581050048396236 	 97.11 	 0.9787453699632395 	 20434054
SAMN16492700 	 8446176 	 99.39 	 0.2149658022754913 	 96.9 	 0.979842907320328 	 8294186
SAMN16492677 	 20837354 	 99.48 	 0.22619373841803522 	 97.3 	 0.982200852851209 	 20469274
SAMN16492675 	 5841653 	 99.49 	 0.21514526795754557 	 97.57 	 0.9824627899229178 	 5738854
SAMN16492661 	 9961897 	 99.53 	 0.2111205325652333 	 97.77 	 0.9834061570753541 	 9784492
SAMN16492640 	 23287849 	 99.5 	 0.2125530786462932 	 97.39 	 0.9831460606468485 	 22847524
SAMN16492617 	 20458425 	 99.34 	 0.17111380763670714 	 96.77 	 0.9767514635438159 	 20038656
SAMN16492613 	 21672222 	 99.36 	 0.1854806581438673 	 96.6 	 0.9773563403942277 	 21214528
SAMN16492602 	 48662010 	 99.38 	 0.187388827547403 	 96.84 	 0.9775680254176892 	 47710272
SAMN16492650 	 30374284 	 99.45 	 0.214240243490184 	 96.97 	 0.9823362227115925 	 29778332
SAMN16492609 	 15872947 	 99.41 	 0.16268762190159144 	 97.06 	 0.9754154010718545 	 15542150
SAMN16492593 	 28694567 	 98.95 	 0.18935361526800526 	 96.58 	 0.9773446271727466 	 28163110
SAMN16492592 	 16946234 	 99.4 	 0.17371340440595828 	 96.99 	 0.9755512416565137 	 16598780
SAMN16492588 	 15802495 	 99.42 	 0.19614478599740104 	 97.59 	 0.9766812942540409 	 15494158
SAMN16492581 	 24222067 	 99.4 	 0.1857270067001301 	 97.57 	 0.9766413544748404 	 23767126
SAMN16492579 	 21766855 	 99.36 	 0.17371214169433297 	 96.65 	 0.9752806923500533 	 21308744
SAMN16492574 	 11071898 	 99.34 	 0.17636298672549186 	 96.9 	 0.9797625299514737 	 10869268
SAMN16492571 	 22766467 	 99.33 	 0.17889112966012688 	 96.8 	 0.9793767304981958 	 22345150
SAMN16492568 	 15218486 	 99.3 	 0.1666763040686176 	 96.33 	 0.9783342879357331 	 14908304
SAMN16492659 	 5126143 	 99.36 	 0.15078802912833295 	 96.66 	 0.978259341680021 	 5038648
SAMN16492566 	 12904291 	 99.33 	 0.16596851388425757 	 96.7 	 0.9799902945157822 	 12661994
SAMN16492558 	 34241879 	 99.36 	 0.20494701824044176 	 96.91 	 0.97937946344631 	 33627558
SAMN16492545 	 63749424 	 99.3 	 0.24427886595493004 	 96.29 	 0.976781122230151 	 62582640
SAMN16492543 	 18034144 	 99.34 	 0.2190026318964737 	 96.38 	 0.9776531995266808 	 17659426
SAMN16492535 	 24542596 	 99.36 	 0.21950444851066284 	 96.91 	 0.9787762571402003 	 24061936
SAMN16492530 	 33820879 	 99.33 	 0.22879662589490948 	 96.72 	 0.9777824857775956 	 33220422
SAMN16492527 	 51157248 	 99.33 	 0.2461903541019251 	 96.55 	 0.9771772122934922 	 50205360
SAMN16492511 	 22526034 	 99.32 	 0.2371750393344874 	 96.55 	 0.9783733410655671 	 22114382
SAMN16492812 	 22112937 	 99.29 	 0.18063163658450254 	 95.83 	 0.97456340201237 	 21642952
SAMN16492801 	 19897313 	 99.28 	 0.1836152951908632 	 96.04 	 0.9757551207436177 	 19463202
SAMN16492799 	 17205895 	 99.33 	 0.19178479236331503 	 96.4 	 0.9774370270587088 	 16860040
SAMN16492796 	 23661506 	 99.24 	 0.18284406749088583 	 96.13 	 0.97737384341918 	 23147522
SAMN16492793 	 22847354 	 99.25 	 0.16319819791823595 	 95.56 	 0.9747329436198356 	 22337294
SAMN16492778 	 16176759 	 99.25 	 0.1693127776707312 	 95.95 	 0.9733256449080381 	 15843096
SAMN16492774 	 23508148 	 99.3 	 0.1646943859635391 	 95.95 	 0.9751753236524606 	 23042014
SAMN16492752 	 32825703 	 99.22 	 0.19873249934662482 	 95.67 	 0.9722941213940046 	 32115676
SAMN16492744 	 27624644 	 99.28 	 0.17989046302279948 	 95.93 	 0.9739872804905071 	 27085548
SAMN16492516 	 24882689 	 99.34 	 0.24026273848457455 	 96.8 	 0.9782836612138102 	 24438060
SAMN16492738 	 27321896 	 99.28 	 0.16497325075829292 	 95.87 	 0.9734230500340826 	 26755724
SAMN16492737 	 11166638 	 99.26 	 0.15246057049579292 	 95.9 	 0.9742854715229766 	 10939174
SAMN16492704 	 49507858 	 99.45 	 0.23679517704038014 	 97.14 	 0.979403611096618 	 48580374
SAMN16492701 	 10927345 	 99.41 	 0.2138132364265977 	 96.9 	 0.9784763611437846 	 10726052
SAMN16492698 	 8344435 	 99.46 	 0.20495455953578642 	 97.26 	 0.9799183562981653 	 8195702
SAMN16492707 	 29299691 	 99.48 	 0.23913842640866076 	 97.22 	 0.9818118307679317 	 28765070
SAMN16492689 	 11535997 	 99.43 	 0.22142888906784564 	 97.02 	 0.9799174482572776 	 11330954
SAMN16492678 	 19162076 	 99.47 	 0.21217330523060235 	 97.36 	 0.9804196565014369 	 18815916
SAMN16492507 	 48154559 	 99.37 	 0.23524954303911286 	 96.95 	 0.9781792674392171 	 47323818
SAMN16492676 	 27299799 	 99.55 	 0.22854073028156727 	 97.81 	 0.9820913476336574 	 26801650
SAMN16492673 	 12847650 	 99.49 	 0.23513148318953273 	 97.49 	 0.9832784422433972 	 12616310
SAMN16492668 	 13010010 	 99.54 	 0.23255992885478183 	 97.79 	 0.9831013578411328 	 12775876
SAMN16492655 	 9330364 	 99.53 	 0.20845628316322923 	 97.9 	 0.9827643472303673 	 9166646
SAMN16492652 	 5983733 	 99.51 	 0.19178278843658297 	 97.5 	 0.9828699723546225 	 5874030
SAMN16492642 	 13157238 	 99.53 	 0.2170278442937644 	 97.8 	 0.9819107869409351 	 12908916
SAMN16492648 	 18119306 	 99.52 	 0.2217966295177089 	 97.72 	 0.9830167771273263 	 17800572
SAMN16492636 	 8100536 	 99.5 	 0.20657534266868266 	 97.58 	 0.984193771715371 	 7952390
SAMN16492621 	 28670059 	 99.1 	 0.18107113068724415 	 96.17 	 0.9756648985916915 	 28062788
SAMN16492615 	 16072943 	 99.31 	 0.17546867428074622 	 96.73 	 0.9772114704252753 	 15735878
SAMN16492504 	 20321794 	 99.38 	 0.23484742537986558 	 97.01 	 0.9782664101028379 	 19959550
SAMN16492441 	 14242159 	 99.33 	 0.20307230104649163 	 96.25 	 0.9769313550636842 	 13938288
SAMN16492437 	 30592453 	 99.35 	 0.22517563400358906 	 96.62 	 0.9789037642805263 	 29957944
SAMN16492435 	 23770671 	 99.3 	 0.23630346825295762 	 96.52 	 0.9791477583777264 	 23315768
SAMN16492429 	 28380914 	 99.39 	 0.21811002986020817 	 96.67 	 0.9788990843127706 	 27807878
SAMN16492436 	 17530825 	 99.46 	 0.22340950867971132 	 97.28 	 0.9803018159882841 	 17209914
SAMN16492638 	 13547493 	 99.47 	 0.19238253158720953 	 97.21 	 0.9813243273936482 	 13272702
SAMN16492418 	 43324262 	 99.32 	 0.2388393828843524 	 95.8 	 0.9764642199358796 	 42316030
SAMN16492414 	 22031377 	 99.47 	 0.23365956653549164 	 97.41 	 0.9807837202242049 	 21645014
SAMN16492413 	 33206585 	 99.48 	 0.2447199855088983 	 97.34 	 0.9802588833161647 	 32615152
SAMN16492409 	 63045860 	 99.43 	 0.25557479904310926 	 97.15 	 0.9806025911476354 	 61926956
SAMN16492887 	 19117371 	 99.47 	 0.1997127115438624 	 96.35 	 0.9772913613203632 	 18632826
SAMN16492881 	 22164469 	 99.49 	 0.194007580330483 	 96.81 	 0.9770827258843975 	 21661158
SAMN16492879 	 16206374 	 99.33 	 0.20497632598137006 	 96.02 	 0.9757646970154684 	 15794830
SAMN16492869 	 16954599 	 99.53 	 0.183929622871057 	 95.86 	 0.9760946493806328 	 16444616
SAMN16492864 	 8697667 	 99.51 	 0.16271857729204856 	 96.95 	 0.9772243176845268 	 8482954
SAMN16492831 	 24226021 	 99.28 	 0.16757287546312288 	 95.82 	 0.9778310140446723 	 23691146
SAMN16492632 	 16384624 	 99.53 	 0.20856676357052809 	 97.61 	 0.9837810269198473 	 16083230
SAMN16492829 	 15501653 	 99.3 	 0.1724068394512508 	 96.23 	 0.9768148821085776 	 15180178
SAMN16492828 	 17859145 	 98.73 	 0.17654652560354933 	 95.53 	 0.9777193879517339 	 17453918
SAMN16492820 	 25119123 	 99.3 	 0.19667685054131867 	 96.08 	 0.9753715968680183 	 24581750
SAMN16492826 	 20053282 	 99.25 	 0.1757459452273199 	 95.88 	 0.9753541860565654 	 19628330
SAMN16492815 	 15410095 	 99.28 	 0.17398439140057215 	 95.84 	 0.9767094024841716 	 15084636
SAMN16492804 	 14009153 	 99.34 	 0.16549287455137365 	 96.31 	 0.9756180089787739 	 13718758
SAMN16492794 	 26167008 	 99.35 	 0.17745299730102884 	 96.57 	 0.9769220757329737 	 25639992
SAMN16492790 	 22473708 	 99.23 	 0.1743792346149554 	 95.65 	 0.9753727953836682 	 21982004
SAMN16492601 	 16635912 	 99.39 	 0.1805224144008456 	 96.84 	 0.9758098972273385 	 16293334
SAMN16492597 	 18469236 	 99.42 	 0.16849939001266756 	 96.94 	 0.9770802796098319 	 18093940
SAMN16492584 	 20224025 	 99.41 	 0.16921043165245298 	 97.04 	 0.9725618579201504 	 19753842
SAMN16492580 	 13851068 	 99.38 	 0.1668420803363322 	 97.06 	 0.9776205296312491 	 13544340
SAMN16492573 	 11102492 	 99.36 	 0.15697214643343135 	 96.95 	 0.9793236473341943 	 10901776
SAMN16492572 	 10600394 	 99.38 	 0.15807242636452948 	 97.36 	 0.9818192442907097 	 10417004
SAMN16492563 	 19096696 	 99.36 	 0.16376963847568188 	 96.57 	 0.9797474980096554 	 18710430
SAMN16492553 	 19711934 	 99.33 	 0.23868322611063938 	 96.53 	 0.9792590804542489 	 19326620
SAMN16492537 	 18710216 	 99.38 	 0.2076006498268112 	 97.05 	 0.979101823553947 	 18366086
SAMN16492534 	 16550735 	 99.34 	 0.2262411911011807 	 96.74 	 0.9775849387314356 	 16241342
SAMN16492533 	 23432123 	 99.32 	 0.22983645143890719 	 96.57 	 0.9768752684508301 	 22993524
SAMN16492529 	 20148891 	 99.33 	 0.232414081747725 	 96.74 	 0.9772223182750018 	 19782400
SAMN16492510 	 21084141 	 99.36 	 0.23238091606387948 	 96.73 	 0.9784340436361993 	 20698418
SAMN16492452 	 20121584 	 99.48 	 0.22200429151104606 	 97.47 	 0.980176796798508 	 19769770
SAMN16492444 	 16730693 	 99.36 	 0.20532646197022442 	 96.57 	 0.9784741428857402 	 16384346
SAMN16492443 	 19601514 	 99.32 	 0.2298386747064538 	 96.44 	 0.9784228214142962 	 19181318
SAMN16492426 	 21150180 	 99.33 	 0.23013832506390017 	 96.72 	 0.9787342092910226 	 20733482
SAMN16492416 	 11765718 	 99.35 	 0.19837191406423305 	 96.71 	 0.9773751289079462 	 11524582
SAMN16492410 	 19491952 	 99.47 	 0.21916045145196336 	 97.42 	 0.9809929453018805 	 19146520
SAMN16492891 	 11588153 	 99.49 	 0.2262974953817058 	 96.28 	 0.9746043726109541 	 11275658
SAMN16492868 	 14845670 	 99.35 	 0.17590199701327053 	 96.62 	 0.9781532974427994 	 14535358
SAMN16492859 	 36174179 	 99.4 	 0.20841979578859274 	 96.13 	 0.9767524984345731 	 35328208
SAMN16492858 	 22527549 	 99.42 	 0.18907853668412838 	 96.79 	 0.9780764420155705 	 22020726
SAMN16492857 	 19650133 	 99.41 	 0.17337180364122726 	 96.77 	 0.9767875616122821 	 19252434
SAMN16492587 	 22282816 	 99.31 	 0.16763271751649342 	 96.39 	 0.9768927736718531 	 21851880
SAMN16492578 	 9219732 	 99.35 	 0.14924501059249878 	 96.67 	 0.9796633641137834 	 9023932
SAMN16492564 	 16714950 	 99.29 	 0.17202408622221424 	 95.98 	 0.9776800283246189 	 16369328
SAMN16492552 	 20492561 	 99.34 	 0.22885182579180807 	 96.33 	 0.9757053991265584 	 20063676
SAMN16492538 	 46011139 	 99.36 	 0.24701016421262686 	 96.81 	 0.9780658073000217 	 45154994
SAMN16492519 	 98945553 	 99.31 	 0.24335246274281777 	 96.74 	 0.9757820948528009 	 97196384
SAMN16492513 	 64044588 	 99.31 	 0.24821066847990342 	 96.61 	 0.9773704201754109 	 62899770
SAMN16492834 	 16455646 	 99.3 	 0.1803905480222411 	 96.69 	 0.9785486250154098 	 16113496
SAMN16492830 	 16936061 	 99.32 	 0.16978499309845424 	 96.05 	 0.9751268345474886 	 16569950
SAMN16492806 	 16737636 	 99.09 	 0.17577530064580207 	 95.89 	 0.9749302911582143 	 16380108
SAMN16492791 	 17926391 	 99.25 	 0.1653244649187893 	 95.92 	 0.975341780044822 	 17544050
SAMN16492789 	 16497209 	 99.27 	 0.17839363009827905 	 96.05 	 0.9758932894717439 	 16147712
SAMN16492786 	 16157767 	 99.36 	 0.16210222613062808 	 96.31 	 0.9771858438657889 	 15817504
SAMN16492781 	 19571582 	 99.29 	 0.1736631203343705 	 96.44 	 0.9775755643853276 	 19191828
SAMN16492772 	 16713538 	 99.31 	 0.164829792471229 	 96.15 	 0.9770947800519244 	 16391658
SAMN16492746 	 28356823 	 99.26 	 0.17716751978880005 	 96.08 	 0.9747487559392404 	 27796612
SAMN16492729 	 42655959 	 99.23 	 0.19765857333086803 	 95.45 	 0.9708428885599434 	 41699702
SAMN16492717 	 9480141 	 99.46 	 0.21099696723920033 	 97.29 	 0.9804544145725645 	 9302626
SAMN16492713 	 276899 	 99.31 	 0.010068653191235793 	 96.45 	 0.9760024716017273 	 271682
SAMN16492693 	 12072619 	 99.48 	 0.2249707375011172 	 97.35 	 0.9795198084752545 	 11842322
SAMN16492692 	 9045783 	 99.42 	 0.2150081424681534 	 96.88 	 0.9787481499943755 	 8874838
SAMN16492687 	 8333039 	 99.47 	 0.22129837625864945 	 97.33 	 0.9821901219181832 	 8186812
SAMN16492682 	 25881759 	 99.42 	 0.24069639161696854 	 97.02 	 0.9813540289697403 	 25408930
SAMN16492674 	 1802305 	 99.48 	 0.19521224210108723 	 97.23 	 0.9821348603025417 	 1767664
SAMN16492671 	 15541542 	 99.43 	 0.2223774835212619 	 97.1 	 0.9817826782430619 	 15264492
SAMN16492670 	 21839125 	 99.55 	 0.24828838151711663 	 97.84 	 0.9834296392723967 	 21453374
SAMN16492649 	 9450623 	 99.47 	 0.2052871011784091 	 97.5 	 0.9830098706820135 	 9281880
SAMN16492643 	 9923376 	 99.56 	 0.2035029207801861 	 97.96 	 0.9845915643762623 	 9751066
SAMN16492641 	 25504670 	 99.53 	 0.2214059621237993 	 97.71 	 0.9828231357012873 	 25034752
SAMN16492637 	 18123941 	 99.54 	 0.23672996949173472 	 97.64 	 0.9833958840688072 	 17803108
SAMN16492610 	 30556571 	 99.24 	 0.17402580937501136 	 96.38 	 0.9763931753523595 	 29944270
SAMN16492620 	 18145827 	 99.39 	 0.17852611512277727 	 96.84 	 0.9771995064897738 	 17774960
SAMN16492608 	 25534554 	 99.33 	 0.1683791696537954 	 96.66 	 0.9760587443445508 	 25019550
SAMN16492598 	 14448816 	 98.67 	 0.19744815076889344 	 96.61 	 0.9784486475014342 	 14162598
SAMN16492449 	 20796970 	 99.49 	 0.22721949399359617 	 97.38 	 0.9801321030706276 	 20411500
SAMN16492411 	 22861611 	 99.46 	 0.2287657243402488 	 97.31 	 0.9799048117146594 	 22449582
SAMN16492898 	 13827421 	 99.45 	 0.19048519604631983 	 96.8 	 0.9765305916160055 	 13525144
SAMN16492894 	 21863108 	 99.51 	 0.21506731796778392 	 96.69 	 0.9756759025959358 	 21312280
SAMN16492892 	 17367532 	 99.28 	 0.1956925140543861 	 96.94 	 0.9792642956053722 	 17010426
SAMN16492886 	 21126478 	 99.46 	 0.22898345857743066 	 96.76 	 0.9775921676343354 	 20634120
SAMN16492883 	 22664988 	 99.51 	 0.23238834276020795 	 95.44 	 0.9757241879859883 	 22015058
SAMN16492893 	 14288942 	 99.3 	 0.14800689932116737 	 95.48 	 0.9715536922340798 	 13994170
SAMN16492875 	 12356142 	 99.44 	 0.18835215717009404 	 96.0 	 0.9746098308606138 	 12042704
SAMN16492874 	 13224124 	 99.43 	 0.1732653142090924 	 95.75 	 0.9758210420889378 	 12874532
SAMN16492870 	 11651032 	 99.44 	 0.17038662326221402 	 96.86 	 0.9770972610567399 	 11401916
SAMN16492453 	 20835493 	 99.5 	 0.211543686535279 	 97.62 	 0.9805729882026881 	 20469720
SAMN16492866 	 17274129 	 99.46 	 0.19451927214390954 	 96.89 	 0.9781814038048952 	 16910536
SAMN16492862 	 20788775 	 99.46 	 0.18475744722813153 	 95.22 	 0.9747040029632412 	 20114832
SAMN16492855 	 33022156 	 99.44 	 0.22132143643195193 	 96.44 	 0.9770672302891108 	 32268978
SAMN16492854 	 37118224 	 99.41 	 0.19977440192181609 	 96.75 	 0.9770072321052344 	 36323552
SAMN16492838 	 20764159 	 99.33 	 0.19228522571032133 	 96.49 	 0.9773237533030347 	 20329630
SAMN16492809 	 23091869 	 99.19 	 0.1789163969360817 	 96.0 	 0.9747284868588287 	 22585502
SAMN16492807 	 11081628 	 99.26 	 0.17231538542892796 	 96.08 	 0.9746734560722702 	 10845328
SAMN16492805 	 30834468 	 99.3 	 0.1743467083654565 	 96.11 	 0.9757085857803212 	 30184714
SAMN16492785 	 23962134 	 99.25 	 0.16929122422902734 	 96.11 	 0.9749387290262185 	 23449394
SAMN16492782 	 36573564 	 99.31 	 0.17688541373763847 	 96.44 	 0.97586227304338 	 35847112
SAMN16492631 	 7752240 	 99.52 	 0.19650810604418853 	 97.85 	 0.9827372305425254 	 7618692
SAMN16492779 	 18825595 	 99.27 	 0.17603581719462252 	 96.26 	 0.9739440450581875 	 18451816
SAMN16492777 	 21316266 	 99.23 	 0.1719062334838569 	 95.81 	 0.972344153687903 	 20860442
SAMN16492764 	 43005571 	 99.22 	 0.19820441402812672 	 95.85 	 0.972848451560137 	 42083848
SAMN16492761 	 24212247 	 99.29 	 0.1889797340990285 	 96.14 	 0.9758464621695868 	 23724908
SAMN16492751 	 38183960 	 99.27 	 0.1878827654334438 	 95.67 	 0.9729163371281934 	 37371962
SAMN16492748 	 30804072 	 99.24 	 0.19019157597086514 	 95.7 	 0.9745039737989997 	 30162350
SAMN16492741 	 24447290 	 99.26 	 0.1644149515140533 	 96.04 	 0.9735781590172113 	 23966704
SAMN16492740 	 27297223 	 99.27 	 0.17263089362606593 	 96.01 	 0.9743721351690021 	 26736444
SAMN16492727 	 25107540 	 99.24 	 0.19145953765283258 	 95.7 	 0.9732837737805365 	 24571382
SAMN16492623 	 22349794 	 99.38 	 0.171393347070671 	 96.41 	 0.9774737602773976 	 21896724
SAMN16492723 	 23940455 	 99.48 	 0.23456671980545066 	 97.28 	 0.9815006492823912 	 23511002
SAMN16492709 	 11488556 	 99.49 	 0.21270340676408767 	 97.28 	 0.9807447706209216 	 11280748
SAMN16492672 	 9188307 	 99.5 	 0.21826523645759768 	 97.5 	 0.9825376982406544 	 9019700
SAMN16492669 	 13207136 	 99.48 	 0.21928895106403085 	 97.33 	 0.9824058606122844 	 12968280
SAMN16492656 	 20579160 	 99.55 	 0.23423667438321097 	 97.66 	 0.9843424025366904 	 20205502
SAMN16492651 	 12883041 	 99.51 	 0.20423097310642727 	 97.6 	 0.9828073170511837 	 12646682
SAMN16492639 	 11847726 	 99.5 	 0.2065370181585901 	 97.42 	 0.9825211569005956 	 11627120
SAMN16492635 	 14385309 	 99.49 	 0.2224537547299123 	 97.49 	 0.9832767001917042 	 14123582
SAMN16492633 	 14207130 	 99.45 	 0.2126769446045753 	 97.16 	 0.9816538627825017 	 13936534
SAMN16492607 	 23988590 	 99.37 	 0.18349294393709675 	 96.47 	 0.9810592333982728 	 23498888
SAMN16492629 	 11319299 	 99.54 	 0.2295620956739459 	 97.88 	 0.9825756028737446 	 11114964
SAMN16492628 	 12140912 	 99.51 	 0.22538240949279592 	 97.47 	 0.9818304314303824 	 11909124
SAMN16492627 	 223892 	 99.31 	 0.009692173011987923 	 96.63 	 0.9752739932856103 	 219620
SAMN16492622 	 23765214 	 99.38 	 0.201080453136252 	 96.73 	 0.9758767154221988 	 23266798
SAMN16492582 	 20567385 	 99.34 	 0.18771375165097556 	 96.83 	 0.9773071804327521 	 20194196
SAMN16492575 	 13356231 	 99.35 	 0.1647681894690201 	 96.96 	 0.9799198340298033 	 13125254
SAMN16492569 	 10651926 	 99.34 	 0.18205364926493106 	 97.04 	 0.9802568327754411 	 10465120
SAMN16492797 	 22575737 	 99.29 	 0.170287596812454 	 96.06 	 0.9749007968911798 	 22086904
SAMN16492451 	 30324613 	 99.45 	 0.23039413561518493 	 97.25 	 0.9812903041280338 	 29780206
SAMN16492771 	 19773213 	 99.26 	 0.17592745296376466 	 95.81 	 0.9748159162659472 	 19347384
SAMN16492767 	 32765256 	 99.22 	 0.20528568432366284 	 95.76 	 0.9719903107370375 	 32063474
SAMN16492760 	 20890617 	 99.32 	 0.1659909326756601 	 96.23 	 0.9751066102194337 	 20471160
SAMN16492753 	 18920675 	 99.24 	 0.1822896381867983 	 95.75 	 0.9733679988692365 	 18524546
SAMN16492750 	 50416670 	 99.31 	 0.18145196816846493 	 95.64 	 0.9743009858506559 	 49296820
SAMN16492734 	 21334338 	 99.26 	 0.1546783406168966 	 95.16 	 0.9726940387984822 	 20863900
SAMN16492724 	 13944336 	 99.46 	 0.2257562497059738 	 97.16 	 0.9828855516299878 	 13695256
SAMN16492885 	 27953927 	 99.43 	 0.1916176213810675 	 96.57 	 0.9768630708028497 	 27327086
SAMN16492878 	 16008746 	 99.41 	 0.17727815782697784 	 96.77 	 0.9750269672020179 	 15628444
SAMN16492712 	 13136690 	 99.45 	 0.2263973649374386 	 97.1 	 0.9799195823008129 	 12898460
SAMN16492877 	 9975831 	 99.52 	 0.1910561636419061 	 95.28 	 0.9745077224346679 	 9694052
SAMN16492876 	 13957255 	 99.35 	 0.18150109029318445 	 96.45 	 0.9751945611515893 	 13642418
SAMN16492872 	 15537771 	 99.45 	 0.17164714295248656 	 95.81 	 0.9753922608441759 	 15126430
SAMN16492848 	 392567 	 99.22 	 0.00805467601708753 	 95.36 	 0.967506985846725 	 383632
SAMN16492825 	 19658028 	 99.28 	 0.17025497165839829 	 96.41 	 0.9766728602366211 	 19243610
SAMN16492823 	 23169892 	 99.22 	 0.17173903961226925 	 96.3 	 0.9776062859693332 	 22682816
SAMN16492817 	 16846814 	 99.3 	 0.17606949302105432 	 96.14 	 0.975178908594306 	 16492214
SAMN16492813 	 19179369 	 99.3 	 0.1902951551742917 	 95.96 	 0.9758568822074326 	 18762488
SAMN16492787 	 15997903 	 99.32 	 0.18253617364725863 	 96.14 	 0.9761828721873773 	 15649828
SAMN16492694 	 18273854 	 99.49 	 0.22437281155907232 	 97.38 	 0.9808152035231856 	 17942488
SAMN16492775 	 21006398 	 99.2 	 0.17873264136002756 	 95.68 	 0.972393255395181 	 20534112
SAMN16492773 	 25241494 	 99.27 	 0.15882799964217648 	 96.09 	 0.9766863922810711 	 24722806
SAMN16492565 	 23249345 	 99.3 	 0.18493338199420242 	 95.98 	 0.9787668020732496 	 22765462
SAMN16492561 	 12446401 	 99.4 	 0.16584826408855058 	 97.05 	 0.9800725387238304 	 12222614
SAMN16492560 	 14156788 	 99.34 	 0.17238204033287777 	 96.91 	 0.9790717347589883 	 13904626
SAMN16492605 	 28678134 	 99.34 	 0.18240193033479793 	 96.99 	 0.978260765176805 	 28114062
SAMN16492442 	 40780214 	 99.37 	 0.21891582030442508 	 96.61 	 0.9773184506801329 	 39959770
SAMN16492557 	 34010091 	 99.33 	 0.20614396474269944 	 96.77 	 0.9786761427898879 	 33381690
SAMN16492541 	 27927008 	 99.31 	 0.23167032429682408 	 96.0 	 0.9765348563403425 	 27312928
SAMN16492528 	 22892146 	 99.35 	 0.22273538706244492 	 96.81 	 0.9782084349644354 	 22478594
SAMN16492512 	 30064204 	 99.33 	 0.2276822629330216 	 96.79 	 0.9788656949816461 	 29525524
SAMN16492509 	 28719395 	 99.32 	 0.22820964717397424 	 96.59 	 0.9774932202166411 	 28194660
SAMN16492505 	 26257922 	 99.35 	 0.2288330356073112 	 96.88 	 0.9778786476105139 	 25790282
SAMN16492595 	 27647091 	 99.33 	 0.18094695749364734 	 96.48 	 0.9778169456984334 	 27115036
SAMN16492440 	 29507579 	 99.34 	 0.2272930286825632 	 96.61 	 0.9783235570443821 	 28915198
SAMN16492439 	 23982573 	 99.33 	 0.23507144125027785 	 96.5 	 0.977930033633113 	 23490828
SAMN16492589 	 19357407 	 98.93 	 0.1918389689280181 	 97.14 	 0.9803809451646127 	 18993922
SAMN16492434 	 16732533 	 99.3 	 0.21277095344739497 	 96.41 	 0.9782975482372557 	 16387112
SAMN16492422 	 14403796 	 99.32 	 0.20590051400339188 	 96.3 	 0.9777470614318136 	 14099228
SAMN16492421 	 30859931 	 99.24 	 0.23554537435615136 	 96.27 	 0.9779298296695298 	 30228300
SAMN16492756 	 20756543 	 99.27 	 0.1490018352285349 	 96.07 	 0.9761727470083736 	 20343442
SAMN16492765 	 28699250 	 99.29 	 0.17791820343737205 	 96.24 	 0.9752493711798849 	 28124374
SAMN16492747 	 34344068 	 99.25 	 0.18785672099181727 	 95.18 	 0.9687871561336194 	 33502704
SAMN16492743 	 25412794 	 99.25 	 0.18258130137126993 	 95.76 	 0.972893179115484 	 24895276
SAMN16492742 	 513065198 	 99.27 	 0.2455690670330752 	 95.98 	 0.972516996967657 	 502727360
SAMN16492690 	 24587550 	 99.49 	 0.22172640218321873 	 97.36 	 0.9798202206419913 	 24151036
SAMN16492739 	 19611699 	 99.32 	 0.17514963899864056 	 96.38 	 0.976545032277581 	 19214086
SAMN16492733 	 22132179 	 99.31 	 0.16644167752303105 	 96.19 	 0.9759642187306768 	 21686694
SAMN16492726 	 18695374 	 99.22 	 0.1901639410904537 	 95.62 	 0.9738134758463038 	 18297554
SAMN16492722 	 17959610 	 99.45 	 0.21418076450435172 	 97.25 	 0.9795371193259145 	 17639430
SAMN16492719 	 20485002 	 99.41 	 0.23092069993451794 	 97.12 	 0.9778074923304367 	 20092092
SAMN16492716 	 22556525 	 99.42 	 0.2020076230713729 	 96.81 	 0.9788022292953582 	 22105618
SAMN16492705 	 12997355 	 99.48 	 0.21896708984251026 	 97.35 	 0.978022642231903 	 12750534
SAMN16492699 	 47764368 	 99.44 	 0.2430269149588664 	 97.2 	 0.9806578409202783 	 46936630
SAMN16492686 	 11992190 	 99.46 	 0.2161840331082146 	 97.28 	 0.9806479885992848 	 11779424
SAMN16492688 	 21955370 	 99.48 	 0.23200141924276385 	 97.31 	 0.9821780688288049 	 21564684
SAMN16492680 	 13028646 	 99.47 	 0.21439587812885544 	 97.37 	 0.9797604601307286 	 12793910
SAMN16492667 	 10388451 	 99.53 	 0.22013464760049406 	 97.78 	 0.9832280464516368 	 10202690
SAMN16492653 	 14402308 	 99.5 	 0.19644427823651597 	 97.48 	 0.9824499218545137 	 14124712
SAMN16492646 	 17289264 	 99.53 	 0.22327115833270866 	 97.79 	 0.9843704778707868 	 16978926
SAMN16492644 	 7063262 	 99.52 	 0.18767150361971566 	 97.78 	 0.9831405457889189 	 6940054
SAMN16492634 	 9246870 	 99.5 	 0.20531542024490448 	 97.45 	 0.9835324486589414 	 9074212
SAMN16492630 	 13673647 	 99.55 	 0.21687666794381924 	 97.71 	 0.9846910496952012 	 13427450
SAMN16492626 	 25915623 	 99.3 	 0.17823156325433503 	 96.5 	 0.9790183503467508 	 25367460
SAMN16492618 	 16926161 	 99.34 	 0.1784657489669394 	 96.87 	 0.9772792294375519 	 16587720
SAMN16492614 	 43898284 	 99.21 	 0.1862486242059029 	 96.56 	 0.9780453713891508 	 43008708
SAMN16492684 	 22148137 	 99.46 	 0.22558646806275398 	 97.1 	 0.9809979395812501 	 21756588
SAMN16492606 	 32879839 	 99.23 	 0.19305714970197999 	 96.7 	 0.9776310727994122 	 32235926
SAMN16492880 	 17167540 	 99.48 	 0.19762779058618765 	 96.86 	 0.9787149287496794 	 16785744
SAMN16492873 	 12014011 	 99.44 	 0.1797757634814884 	 97.02 	 0.9780172368592542 	 11751282
SAMN16492882 	 15008241 	 99.27 	 0.1942965867885517 	 96.67 	 0.977641894691971 	 14668932
SAMN16492863 	 15438621 	 96.87 	 0.17406612935183782 	 93.97 	 0.9775402806307311 	 15073372
SAMN16492852 	 22388990 	 99.32 	 0.18994831834754494 	 96.0 	 0.9735009449635694 	 21911312
SAMN16492585 	 12585644 	 99.39 	 0.19864736361524288 	 97.47 	 0.9777966126125213 	 12346366
SAMN16492849 	 22799026 	 99.33 	 0.17870101117477563 	 96.44 	 0.9770254998979416 	 22343858
SAMN16492836 	 20580425 	 99.29 	 0.17409679343356613 	 96.13 	 0.9764871095702052 	 20134508
SAMN16492818 	 20091371 	 99.35 	 0.1748376952473776 	 96.15 	 0.9760865595306911 	 19648314
SAMN16492811 	 19958062 	 99.29 	 0.20009923809235586 	 96.44 	 0.9776145481269953 	 19538358
SAMN16492810 	 16209948 	 99.33 	 0.1719077075386053 	 96.09 	 0.9764483695792796 	 15849956
SAMN16492798 	 14854379 	 99.37 	 0.16321968087659539 	 96.56 	 0.9770177057560145 	 14532304
SAMN16492780 	 29456340 	 99.3 	 0.1861756416445492 	 96.28 	 0.9754932506666609 	 28867046
SAMN16492583 	 25443887 	 99.34 	 0.1850326956726384 	 96.44 	 0.9785444772209129 	 24926348
SAMN16492766 	 50599832 	 99.25 	 0.1920676337423413 	 95.95 	 0.973826738743673 	 49557698
SAMN16492776 	 24886917 	 99.28 	 0.17651378834911532 	 96.17 	 0.9746097540050821 	 24378980
SAMN16492763 	 20414229 	 99.25 	 0.190755379495351 	 95.91 	 0.9736519921190531 	 19991566
SAMN16492758 	 21217090 	 99.26 	 0.1759583901468109 	 96.04 	 0.9739284486732785 	 20792490
SAMN16492736 	 18014448 	 99.23 	 0.15459035991555223 	 95.28 	 0.9710913257886561 	 17622404
SAMN16492732 	 25056383 	 99.24 	 0.1887884216967788 	 95.74 	 0.97220316103714 	 24516086
SAMN16492735 	 23552889 	 99.27 	 0.17648858278065166 	 95.96 	 0.9735116071874066 	 23062048
SAMN16492721 	 22528573 	 99.5 	 0.23766179065136528 	 97.58 	 0.9818666947764663 	 22131454
SAMN16492715 	 21103706 	 99.45 	 0.22066910901810327 	 97.03 	 0.9791148053183801 	 20711566
SAMN16492714 	 13014102 	 99.4 	 0.22030179262464672 	 96.92 	 0.9789342358081681 	 12778892
SAMN16492550 	 16896391 	 99.35 	 0.24325366286800537 	 96.79 	 0.9779464219691839 	 16584522
SAMN16492711 	 17952245 	 99.42 	 0.2220331774661052 	 96.96 	 0.9801222250018103 	 17622874
SAMN16492718 	 18942615 	 99.44 	 0.21115796314289237 	 97.39 	 0.9799915431427614 	 18619806
SAMN16492697 	 20859430 	 99.47 	 0.24003033639941265 	 97.24 	 0.980641877559854 	 20480686
SAMN16492696 	 14705023 	 99.5 	 0.20532596242794043 	 97.39 	 0.982506524146486 	 14440594
SAMN16492596 	 18956376 	 99.34 	 0.17434930600659113 	 96.7 	 0.9755639040414222 	 18551930
SAMN16492431 	 30004572 	 99.32 	 0.22073542658765472 	 96.12 	 0.9771680137005501 	 29353234
SAMN16492412 	 41899629 	 99.44 	 0.23645987414351569 	 97.29 	 0.9806760067634691 	 41170746
SAMN16492603 	 18288318 	 99.26 	 0.17168456935186713 	 96.48 	 0.9753282565343425 	 17898440
SAMN16492599 	 24455960 	 99.3 	 0.18701384038900948 	 96.77 	 0.9751024859720672 	 23943232
SAMN16492594 	 22062721 	 99.33 	 0.1857600429248958 	 96.5 	 0.9762106293339924 	 21629444
SAMN16492590 	 31408667 	 99.35 	 0.188851217404419 	 96.67 	 0.9749806821322056 	 30751620
SAMN16492570 	 4112465 	 99.32 	 0.1616894003961128 	 96.92 	 0.9761059045659891 	 4031374
SAMN16492562 	 11118943 	 99.36 	 0.1817058509968079 	 96.87 	 0.9796181695366881 	 10917484
SAMN16492556 	 20333865 	 99.3 	 0.18356500350523622 	 96.2 	 0.9769684030165235 	 19929028
SAMN16492555 	 20083483 	 99.32 	 0.18740479427796464 	 96.67 	 0.9786725559487597 	 19693270
SAMN16492679 	 16827725 	 99.47 	 0.21047485622685183 	 97.29 	 0.9800567573114783 	 16521542
SAMN16492546 	 6976932 	 99.37 	 0.19950803591033997 	 96.88 	 0.9794851010056228 	 6848838
SAMN16492542 	 18329696 	 99.35 	 0.20807884647950517 	 96.81 	 0.9786602204086019 	 17996344
SAMN16492536 	 24177429 	 99.37 	 0.21772753422210442 	 96.93 	 0.9782325706045631 	 23740558
SAMN16492526 	 25311310 	 99.23 	 0.245681475988402 	 96.15 	 0.9772913620609257 	 24872976
SAMN16492664 	 20557240 	 99.5 	 0.23191877898005764 	 97.79 	 0.984115343187096 	 20211570
SAMN16492450 	 31263505 	 99.48 	 0.23639422387221137 	 97.46 	 0.9805221597880458 	 30693646
SAMN16492448 	 23492419 	 99.35 	 0.21354446300315008 	 96.62 	 0.9787183669644302 	 23017708
SAMN16492415 	 28153451 	 99.49 	 0.22391116456735624 	 97.52 	 0.9803925224713103 	 27656626
SAMN16492408 	 24426935 	 99.43 	 0.2337113518335395 	 97.24 	 0.9807141856649335 	 24001642
SAMN16492407 	 28838984 	 99.47 	 0.2249611498102707 	 97.51 	 0.9804855433878908 	 28348302
SAMN16492896 	 32354669 	 99.3 	 0.19162263721504924 	 96.4 	 0.9762171164978529 	 31681670
SAMN16492895 	 31795272 	 99.4 	 0.22271789340251594 	 96.42 	 0.975056653176066 	 31056352
SAMN16492662 	 17856486 	 99.5 	 0.236083740104296 	 97.49 	 0.9822304459602289 	 17517638
SAMN16492890 	 14362634 	 99.51 	 0.17966105660006376 	 97.04 	 0.9779604232621744 	 14041190
SAMN16492695 	 24107939 	 99.47 	 0.21733786533971236 	 97.18 	 0.9803420199865713 	 23664876
SAMN16492685 	 17921173 	 99.48 	 0.24146672765225802 	 97.44 	 0.9812291773520951 	 17600504
SAMN16492681 	 20113810 	 99.43 	 0.23346377439182334 	 97.17 	 0.9790390258422534 	 19747738
SAMN16492666 	 13742347 	 99.5 	 0.21207636512162006 	 97.53 	 0.9829750430221067 	 13481544
SAMN16492663 	 14044004 	 99.49 	 0.2254730915770175 	 97.31 	 0.984001273223434 	 13775146
SAMN16492549 	 23773166 	 99.36 	 0.22547404918638098 	 96.69 	 0.9765917282598777 	 23288572
SAMN16492657 	 10574991 	 99.54 	 0.20750324988456256 	 97.97 	 0.9837560232341165 	 10398614
SAMN16492624 	 25012034 	 99.38 	 0.18783898182770742 	 96.48 	 0.975092322285283 	 24453806
SAMN16492619 	 33749079 	 99.31 	 0.1943309919657363 	 96.53 	 0.9757130161315878 	 33081944
SAMN16492616 	 25849673 	 99.3 	 0.1826954251993826 	 96.31 	 0.9738467366114051 	 25302706
SAMN16492611 	 37647163 	 99.34 	 0.2044785951068876 	 96.5 	 0.978354040087914 	 36815848
SAMN16492600 	 31090287 	 99.31 	 0.1901963786953784 	 96.06 	 0.9745704692800983 	 30423256
SAMN16492577 	 14168922 	 99.36 	 0.17573764609615325 	 96.87 	 0.9803387068979023 	 13891872
SAMN16492548 	 17442459 	 99.42 	 0.22412522225220652 	 97.15 	 0.9795357335164665 	 17121740
SAMN16492567 	 12870191 	 99.39 	 0.14162081976871982 	 96.69 	 0.9806481090949285 	 12615730
SAMN16492559 	 17584749 	 99.3 	 0.18526292300219924 	 96.44 	 0.9765049242931797 	 17257170
SAMN16492551 	 24534794 	 99.37 	 0.22475839821601926 	 96.83 	 0.9781956296106737 	 24097012
SAMN16492547 	 43768779 	 99.31 	 0.23058367700867324 	 96.42 	 0.9771723312579735 	 42945438
SAMN16492540 	 22129589 	 99.37 	 0.22540572262774514 	 96.86 	 0.9786721382842278 	 21716402
SAMN16492539 	 24392573 	 99.27 	 0.21349732150027798 	 96.24 	 0.9778401718280086 	 23893198
SAMN16492531 	 36935558 	 99.3 	 0.22909081270682305 	 96.07 	 0.9759577480567264 	 36153818
SAMN16492525 	 22663043 	 99.32 	 0.22097257636584813 	 96.61 	 0.9762560451075348 	 22237086
SAMN16492522 	 17253595 	 99.27 	 0.22935567920772454 	 96.46 	 0.9771961151859434 	 16941694
SAMN16492517 	 31554226 	 99.33 	 0.23814819606096502 	 96.67 	 0.9779830211044404 	 30994056
SAMN16492544 	 28145382 	 99.27 	 0.22080648967564198 	 96.36 	 0.9766940334570361 	 27624732
SAMN16492515 	 23682275 	 99.33 	 0.2380569856569945 	 96.75 	 0.977295930054417 	 23252030
SAMN16492423 	 25156726 	 99.34 	 0.22550855783061755 	 96.39 	 0.9777150370150646 	 24621788
SAMN16492419 	 26157163 	 99.36 	 0.21442738266378505 	 96.47 	 0.9780080869508812 	 25601304
SAMN16492406 	 17239022 	 99.45 	 0.23649410041938573 	 97.44 	 0.9804641032569857 	 16944312
SAMN16492755 	 24086005 	 99.26 	 0.16987142533599905 	 96.12 	 0.9735675159255635 	 23605044
SAMN16492612 	 24613807 	 99.23 	 0.16975167636603308 	 96.11 	 0.9752314656025969 	 24111810
SAMN16492520 	 43689146 	 99.32 	 0.25345883391723883 	 96.71 	 0.9772588788181875 	 42905394
SAMN16492586 	 29117837 	 99.38 	 0.20619374989976075 	 96.66 	 0.9781536186871905 	 28534848
SAMN16492420 	 21403578 	 99.32 	 0.22149371474246035 	 96.45 	 0.9791670836367473 	 20938928
SAMN16492706 	 18329943 	 99.48 	 0.2269592982367703 	 97.29 	 0.980709660325598 	 17989020
SAMN16492503 	 28719419 	 99.33 	 0.24050103520548238 	 96.72 	 0.976661650505315 	 28191696
SAMN16492762 	 47693015 	 99.24 	 0.20385335252971531 	 95.93 	 0.9744163099058262 	 46730958
SAMN16492508 	 34020475 	 99.32 	 0.25342941272865827 	 96.76 	 0.9776296999756877 	 33415608
SAMN16492842 	 16446260 	 99.24 	 0.17078375265865917 	 95.81 	 0.9750431290006727 	 16102262
SAMN16492788 	 28824213 	 99.23 	 0.171878691015779 	 95.56 	 0.9734357046773819 	 28206602
SAMN16492523 	 26012322 	 99.3 	 0.23230083035263058 	 96.46 	 0.9763168419499072 	 25534454
SAMN16492861 	 22576251 	 99.48 	 0.20678920516962715 	 96.56 	 0.9774860243424089 	 22052376
SAMN16492792 	 16235051 	 99.3 	 0.16433209849479377 	 96.27 	 0.9758446603372134 	 15896490
SAMN16492749 	 34801364 	 99.24 	 0.1765329083078468 	 95.6 	 0.9723040092536184 	 34026790
SAMN16492576 	 15182501 	 99.3 	 0.1639102147926748 	 96.23 	 0.9774143736224911 	 14872212
SAMN16492851 	 19091107 	 99.27 	 0.17502363796923875 	 96.19 	 0.9772340391882659 	 18660884
SAMN16492824 	 14211708 	 99.34 	 0.18902590737158406 	 96.53 	 0.9783466191673436 	 13915926
SAMN16492591 	 15289575 	 99.42 	 0.17757491624194918 	 97.35 	 0.9735147703513026 	 14974832
SAMN16492846 	 33170301 	 99.18 	 0.19478798217718918 	 95.94 	 0.9765460271047275 	 32456890
SAMN16492514 	 19544402 	 99.3 	 0.22607997932093293 	 96.6 	 0.9783107337634567 	 19192138
SAMN16492604 	 18157016 	 99.3 	 0.1580240938268711 	 96.41 	 0.9752070920562104 	 17780200
SAMN16492730 	 17914107 	 99.28 	 0.1938614634823829 	 95.98 	 0.9736764168375005 	 17523272
SAMN16492897 	 22740631 	 99.45 	 0.20359540594981732 	 96.66 	 0.9775654163646729 	 22241148
SAMN16492888 	 18046332 	 99.41 	 0.19291399493259906 	 96.56 	 0.976794286611499 	 17643128
SAMN16492783 	 19862349 	 99.33 	 0.16654077521243837 	 96.52 	 0.9756978127881171 	 19470044
SAMN16492430 	 27073491 	 99.35 	 0.24202538195018883 	 96.52 	 0.9785913430152714 	 26523546
SAMN16492427 	 11385427 	 99.37 	 0.207297451382368 	 96.96 	 0.9794699196540737 	 11168108
SAMN16492770 	 29294168 	 99.21 	 0.174912289708996 	 95.43 	 0.9712396331918799 	 28642356
SAMN16492683 	 11651824 	 99.49 	 0.20944051334795308 	 97.47 	 0.98135857870669 	 11449960
SAMN16492645 	 7520545 	 99.55 	 0.1901842220211434 	 97.89 	 0.9834920183601278 	 7388352
SAMN16492518 	 31201955 	 99.37 	 0.2242154377826646 	 97.01 	 0.9782425381700784 	 30645044
SAMN16492745 	 63183618 	 99.21 	 0.1737260914688361 	 95.45 	 0.9712348148849608 	 61865622
SAMN16492446 	 40709366 	 99.26 	 0.2400970331986993 	 96.16 	 0.977417445184279 	 39873168
SAMN16492853 	 37560829 	 99.47 	 0.18955928794862328 	 96.58 	 0.9792971732110438 	 36713048
SAMN16492840 	 22276863 	 99.33 	 0.18687034166345592 	 96.32 	 0.97642928189264 	 21814928
SAMN16492554 	 41483084 	 99.37 	 0.22456069081074106 	 96.47 	 0.9779501317012332 	 40617594
SAMN16492691 	 12549143 	 99.44 	 0.2077251012280281 	 97.33 	 0.9823350435394763 	 12324234
SAMN16492847 	 23474497 	 99.22 	 0.1848636841931054 	 96.49 	 0.9793885969783447 	 22994726
SAMN16492647 	 6087000 	 99.53 	 0.18883275833744045 	 97.72 	 0.9826648938689796 	 5974634
SAMN16492768 	 23116092 	 99.27 	 0.1930340993624701 	 96.0 	 0.9743725192508929 	 22636028
SAMN16492703 	 15688456 	 99.4 	 0.20868427077846283 	 96.85 	 0.9785570303303283 	 15403476
SAMN16492802 	 15420801 	 99.3 	 0.1712860440907058 	 96.37 	 0.9771002598873244 	 15103496
SAMN16492625 	 20365357 	 99.41 	 0.17737621785859192 	 96.54 	 0.9752523538850524 	 19855268
SAMN16492731 	 23866129 	 99.22 	 0.18517121063076464 	 95.79 	 0.9737038474937866 	 23359870
SAMN16492665 	 28947814 	 99.43 	 0.22228082576459832 	 96.62 	 0.9818390824972033 	 28360092
SAMN16492506 	 86664293 	 99.33 	 0.24572797241881383 	 96.84 	 0.9769844063554715 	 85156714
SAMN16492433 	 44480433 	 99.32 	 0.2468706858136925 	 96.29 	 0.9779014311995484 	 43555984
