Sample	Total_alignments	Percent_mapped	Percent_duplicates	Percent_properly_paired	Fraction_reads_pass_filter	Num_filtered_reads
SAMN14785124 	 34288879 	 98.1 	 0.1457511632270043 	 92.67 	 0.9587861255106889 	 33849250
SAMN14785196 	 58452574 	 99.12 	 0.15496778636300942 	 94.89 	 0.9843250951050748 	 57650842
SAMN14785195 	 35899662 	 98.78 	 0.14601012120949775 	 94.08 	 0.9800301679582011 	 35319858
SAMN14785194 	 75879455 	 99.58 	 0.16840445150798725 	 96.35 	 0.9907133430797047 	 74651360
SAMN14785193 	 87309137 	 99.63 	 0.1625296330669263 	 95.57 	 0.9779742833884691 	 85935412
SAMN14785192 	 71103497 	 99.73 	 0.16489162270035748 	 96.53 	 0.9808561799458951 	 70072852
SAMN14785190 	 51687356 	 99.73 	 0.15866543841012104 	 95.41 	 0.9645037916994614 	 50874994
SAMN14785189 	 54039460 	 99.72 	 0.15725610507580942 	 95.36 	 0.9656183052335191 	 53173962
SAMN14785188 	 61536869 	 99.75 	 0.16906700274269723 	 96.17 	 0.9810949913362521 	 60633978
SAMN14785187 	 53784985 	 99.75 	 0.1655983170767827 	 95.36 	 0.9777588790909525 	 52787702
SAMN14785185 	 57003251 	 99.65 	 0.17739781192479706 	 94.67 	 0.9707107691140268 	 55927798
SAMN14785122 	 81226371 	 99.33 	 0.19621600477509946 	 95.56 	 0.9778509685837471 	 79829858
SAMN14785184 	 51829879 	 99.76 	 0.15254237811359736 	 95.25 	 0.9752256313544923 	 50967476
SAMN14785183 	 57668464 	 99.74 	 0.15950658925127606 	 95.61 	 0.9719186432462132 	 56686908
SAMN14785182 	 54543699 	 99.66 	 0.1608878598424357 	 95.23 	 0.9763903552799864 	 53587640
SAMN14785181 	 58582300 	 99.7 	 0.16247002934333407 	 95.45 	 0.9769448276079801 	 57556218
SAMN14785180 	 56866515 	 99.85 	 0.18331840802975177 	 96.54 	 0.9778159796636304 	 56052994
SAMN14785179 	 100397387 	 99.8 	 0.552219073191616 	 96.43 	 0.9794209093818586 	 98871056
SAMN14785178 	 65619443 	 99.9 	 0.18570355740447234 	 96.95 	 0.9825083966551956 	 64660764
SAMN14785177 	 78717917 	 99.88 	 0.5451263147626226 	 96.4 	 0.9765451848350479 	 77613700
SAMN14785176 	 109321692 	 99.9 	 0.5530205935707618 	 97.17 	 0.9833087284924569 	 107732382
SAMN14785175 	 114240722 	 99.85 	 0.5517645975661813 	 96.25 	 0.973703679913753 	 112600780
SAMN14785121 	 51720804 	 99.73 	 0.1786124786459236 	 95.96 	 0.9841219779161873 	 50867470
SAMN14785173 	 94817823 	 99.79 	 0.5465733905322843 	 96.25 	 0.977174093618971 	 93359166
SAMN14785172 	 90961174 	 91.26 	 0.1505966050965877 	 62.3 	 0.9771949279750618 	 89876368
SAMN14785171 	 82633265 	 99.9 	 0.5469074712223945 	 96.37 	 0.9824771501378095 	 81373892
SAMN14785168 	 56904936 	 99.84 	 0.1897827808821365 	 96.25 	 0.981462960103941 	 56044660
SAMN14785166 	 41017530 	 99.92 	 0.1777705288446184 	 96.0 	 0.9780858610979407 	 40370758
SAMN14785165 	 54799546 	 99.89 	 0.177491689438449 	 96.32 	 0.9795854706729064 	 53932042
SAMN14785164 	 32224721 	 99.82 	 0.18017623798822027 	 96.81 	 0.9861455327449764 	 31737526
SAMN14785163 	 44444225 	 13.99 	 0.028801447207145586 	 13.77 	 0.9801444027390415 	 44422234
SAMN14785162 	 38177721 	 33.97 	 0.06560831643146012 	 31.91 	 0.9753468824240323 	 37922784
SAMN14785160 	 67286400 	 73.25 	 0.15648197852760737 	 70.64 	 0.9852586198350893 	 66194358
SAMN14785159 	 69471241 	 87.37 	 0.18004217025574654 	 84.52 	 0.9858386877884672 	 68231398
SAMN14785157 	 52021315 	 39.16 	 0.07267772835038869 	 37.33 	 0.9635215478814275 	 51635166
SAMN14785156 	 55153705 	 73.72 	 0.14356034648986862 	 69.94 	 0.9701913387636599 	 54282186
SAMN14785155 	 41656123 	 55.32 	 0.11823651951479018 	 50.96 	 0.9820312115087656 	 41020302
SAMN14785119 	 80183642 	 99.89 	 0.14424166465274801 	 95.15 	 0.9812596262573727 	 78954324
SAMN14785154 	 48071369 	 67.48 	 0.1238011965084664 	 64.21 	 0.9602224647949251 	 47412196
SAMN14785153 	 60472335 	 85.75 	 0.16404658427692598 	 81.0 	 0.9699523055221742 	 59277252
SAMN14785152 	 64029379 	 82.32 	 0.16647400250438163 	 77.97 	 0.9743086904493468 	 62782708
SAMN14785151 	 45759965 	 72.65 	 0.13088325133115813 	 68.75 	 0.9755195549236965 	 45010164
SAMN14785150 	 37322632 	 32.33 	 0.06569276786267378 	 30.32 	 0.9805816068564731 	 37088140
SAMN14785149 	 65039624 	 86.43 	 0.16712802644738536 	 82.4 	 0.9759103254245576 	 63736110
SAMN14785148 	 63909076 	 71.13 	 0.13257351741402112 	 67.68 	 0.9831756562256698 	 62912840
SAMN14785146 	 48843685 	 58.52 	 0.10280686234054617 	 56.37 	 0.971553327438636 	 48397212
SAMN14785118 	 103652370 	 99.84 	 0.13017098403056293 	 94.53 	 0.975884838595378 	 101943368
SAMN14785144 	 82284644 	 99.91 	 0.13691866978242015 	 95.26 	 0.9832080304748906 	 80982950
SAMN14785143 	 110622411 	 99.91 	 0.15772656591257986 	 95.36 	 0.9824850254119823 	 108941396
SAMN14785142 	 78638890 	 99.9 	 0.12960850540998226 	 95.15 	 0.9777681006044731 	 77409044
SAMN14785140 	 78487973 	 99.91 	 0.14538386664667718 	 95.03 	 0.9808057112562377 	 77245898
SAMN14785139 	 75341143 	 99.91 	 0.1449583529679129 	 94.79 	 0.9791139116542197 	 74084660
SAMN14785138 	 78901038 	 99.91 	 0.13869570385119648 	 95.27 	 0.9817852724948702 	 77686330
SAMN14785137 	 80275141 	 99.91 	 0.13226718592745917 	 94.93 	 0.9800885646533948 	 79039060
SAMN14785136 	 80988885 	 99.89 	 0.14193352581653643 	 95.24 	 0.9805526858767302 	 79736246
SAMN14785135 	 32235924 	 98.49 	 0.1408832890907672 	 93.54 	 0.9658878313700252 	 31858964
SAMN14785117 	 67005910 	 99.9 	 0.13843807210438602 	 95.16 	 0.9805548556999443 	 65983162
SAMN14785134 	 27173619 	 99.67 	 0.16893837364835357 	 95.47 	 0.9679015190786074 	 26779092
SAMN14785133 	 29879783 	 97.6 	 0.14711746735242354 	 92.67 	 0.965242241890497 	 29534652
SAMN14785132 	 53972489 	 98.96 	 0.16188076855228967 	 94.02 	 0.9660929394541513 	 53338082
SAMN14785131 	 37179177 	 98.33 	 0.15736187490110393 	 93.54 	 0.9697919189438218 	 36751702
SAMN14785129 	 36658200 	 97.75 	 0.14841773464054428 	 93.04 	 0.961955094912507 	 36237820
SAMN14785128 	 31694855 	 98.51 	 0.14383731996880883 	 93.11 	 0.9585712939679636 	 31293668
SAMN14785125 	 99132568 	 99.37 	 0.18871003119781987 	 96.41 	 0.9831994752535046 	 97763376
SAMN14785116 	 117186445 	 99.83 	 0.14037559548802764 	 95.15 	 0.9790828309729419 	 115439472
SAMN14785115 	 100795386 	 99.37 	 0.13214981884190613 	 94.56 	 0.9772658153036761 	 99292564
SAMN14785127 	 54241254 	 98.11 	 0.16942288981740725 	 92.83 	 0.966921915082006 	 53531756
SAMN14785158 	 58029886 	 88.22 	 0.17389915258492838 	 83.19 	 0.9701806975445694 	 56860556
SAMN14785147 	 74795165 	 91.27 	 0.18342205675995232 	 88.26 	 0.9875011070594713 	 73478802
SAMN14785167 	 62003848 	 99.34 	 0.19582666869320756 	 95.93 	 0.983296280995396 	 61050752
SAMN14785126 	 59294625 	 97.81 	 0.17067037695237974 	 92.8 	 0.975095132248574 	 58511500
SAMN14785170 	 96900786 	 99.91 	 0.5436335985964036 	 96.5 	 0.9789246399513798 	 95541970
SAMN14785161 	 29245571 	 29.89 	 0.053665972191139645 	 28.37 	 0.9749885690606145 	 29127842
SAMN14785191 	 51119607 	 99.73 	 0.15179527886433086 	 95.63 	 0.9649917507345355 	 50336112
SAMN14785169 	 35792331 	 99.89 	 0.1737100609625006 	 96.18 	 0.9827027277887972 	 35234710
SAMN14785174 	 82710425 	 99.76 	 0.5459667145949256 	 96.31 	 0.9735616421240522 	 81504028
SAMN14785186 	 53361960 	 99.71 	 0.14966637282438652 	 95.7 	 0.9896101571932405 	 52554714
SAMN14785145 	 82299378 	 99.88 	 0.15321503401884762 	 95.14 	 0.9797567920636067 	 81050314
SAMN14785141 	 66678561 	 99.91 	 0.13771964874886847 	 95.16 	 0.9817874029292698 	 65659004
SAMN14785120 	 69306061 	 99.56 	 0.18397191841562024 	 95.75 	 0.9767914740313545 	 68203988
SAMN14785123 	 92150587 	 99.54 	 0.18237068853397537 	 96.27 	 0.9783204913744663 	 90884604
SAMN14785130 	 42522975 	 96.85 	 0.16135726627781805 	 91.89 	 0.9681000587820509 	 42019808
