Sample	Total_alignments	Percent_mapped	Percent_duplicates	Percent_properly_paired	Fraction_reads_pass_filter	Num_filtered_reads
SAMN03333188 	 54670682 	 96.26 	 0.04418068170431823 	 78.42 	 0.9693776831770887 	 54313902
SAMN03333190 	 61756499 	 96.81 	 0.0412866506567997 	 84.17 	 0.973615506280185 	 61395966
SAMN03333191 	 62889467 	 96.43 	 0.046345503293898166 	 82.97 	 0.9692547441108018 	 62501578
SAMN03333193 	 58740217 	 96.66 	 0.04400545541055798 	 85.22 	 0.9748106032026423 	 58398010
SAMN03333194 	 56228729 	 96.38 	 0.04023485930119459 	 80.5 	 0.9663473574997736 	 55921246
SAMN03333195 	 51772219 	 97.71 	 0.0567096805334923 	 93.23 	 0.9030551720148482 	 51454162
SAMN03333196 	 55795895 	 96.83 	 0.03940386653892728 	 90.45 	 0.9733531480632913 	 55453640
SAMN03333197 	 52921266 	 96.32 	 0.04515678064088641 	 81.22 	 0.9657376165213151 	 52572722
SAMN03333198 	 50611129 	 96.4 	 0.041186573806721444 	 82.57 	 0.9687812812740506 	 50293356
SAMN03333199 	 57929334 	 96.14 	 0.045971648836839726 	 82.3 	 0.9726223179070519 	 57515906
SAMN03333200 	 64908239 	 95.28 	 0.06942121785186624 	 78.4 	 0.9623146128818355 	 64315918
SAMN03333201 	 60645139 	 96.02 	 0.05793557501780976 	 81.79 	 0.9651473511740536 	 60175590
SAMN03333202 	 51220041 	 95.29 	 0.0576031167175364 	 75.62 	 0.9720070043926358 	 50785768
SAMN03333203 	 56168272 	 95.89 	 0.055078425770335254 	 83.76 	 0.9669513096056949 	 55742256
SAMN03333204 	 64875184 	 95.2 	 0.0706583583639624 	 77.49 	 0.9672244609944419 	 64264494
SAMN03333205 	 52207293 	 96.12 	 0.050402670753298774 	 81.1 	 0.9620939862728902 	 51793562
SAMN03333206 	 50520901 	 95.84 	 0.052263141546109795 	 80.39 	 0.960309466271939 	 50074348
SAMN03333207 	 51424417 	 95.41 	 0.057368428697986015 	 77.14 	 0.9596939951945453 	 50918682
SAMN03333208 	 58773013 	 96.08 	 0.05409834952650802 	 83.16 	 0.9722868608199077 	 58309062
SAMN03333209 	 55419092 	 96.16 	 0.04668154794019361 	 83.52 	 0.9651766852290605 	 55010056
SAMN03333210 	 54891781 	 97.07 	 0.03456014662741586 	 90.24 	 0.9764748802758705 	 54585934
SAMN03333211 	 59324354 	 96.67 	 0.04702884754547854 	 85.68 	 0.9704718274133985 	 58955556
SAMN03333212 	 59515900 	 95.95 	 0.05252569481432693 	 83.59 	 0.9604029629633483 	 59080650
SAMN03333214 	 57938952 	 95.59 	 0.06259888856809147 	 78.81 	 0.9640033491189296 	 57438628
SAMN03333215 	 48681417 	 96.06 	 0.043966982308670265 	 72.74 	 0.9669030025356681 	 48333176
SAMN03333216 	 52548578 	 97.47 	 0.05464442824694514 	 88.55 	 0.9156849171201058 	 52173778
SAMN03333217 	 57931333 	 96.16 	 0.04749930404674099 	 83.44 	 0.9659904773995331 	 57494822
SAMN03333218 	 57658385 	 96.59 	 0.043571511758437216 	 84.0 	 0.9654102217651471 	 57253296
SAMN03333219 	 56112585 	 96.21 	 0.03825001111604465 	 85.35 	 0.9784644817904046 	 55750824
SAMN03333189 	 56410819 	 96.37 	 0.039618517150052365 	 79.95 	 0.9705023760303177 	 56055600
SAMN03333192 	 66268389 	 96.68 	 0.04173757717273012 	 83.21 	 0.9702798977752767 	 65903848
SAMN03333213 	 53201476 	 96.41 	 0.04470332740392391 	 83.39 	 0.9654143883747602 	 52821204
SAMN04296347 	 166369347 	 97.21 	 0.06294660157558953 	 92.35 	 0.4579954083425736 	 83101248
SAMN04296348 	 111890370 	 94.42 	 0.09671746549770101 	 86.75 	 0.4659557271586322 	 55487924
SAMN04296349 	 92781719 	 97.41 	 0.05092801740394571 	 91.51 	 0.4637728889421668 	 46363628
SAMN04296350 	 116836595 	 97.1 	 0.06386341539652024 	 92.0 	 0.47266579476975124 	 58252466
SAMN04296351 	 77601572 	 97.12 	 0.055895156350698666 	 91.16 	 0.4655877677750138 	 38374932
SAMN04296352 	 168111562 	 98.03 	 0.0751848882351114 	 94.94 	 0.4686342227333841 	 83604186
SAMN04296353 	 74425552 	 97.36 	 0.0435086460628468 	 93.12 	 0.4822260955639199 	 37180852
SAMN04296354 	 156691833 	 97.96 	 0.07736245577011024 	 94.81 	 0.4699258003784614 	 78076480
SAMN04296355 	 107129224 	 96.7 	 0.06772772852345127 	 88.94 	 0.4588698795534392 	 52836118
SAMN04296356 	 133495966 	 96.03 	 0.06274794101268948 	 89.62 	 0.4403624165327142 	 65816986
SAMN04296357 	 80268247 	 96.58 	 0.07160537590910637 	 89.54 	 0.47121631412606324 	 39921170
SAMN04296358 	 102716538 	 96.66 	 0.05646823883413984 	 88.28 	 0.4710735051161255 	 51200088
SAMN04296359 	 107544760 	 97.2 	 0.0566759366053725 	 92.6 	 0.4782330952141391 	 53576534
SAMN04296360 	 137662868 	 97.47 	 0.10872402425903258 	 93.06 	 0.45975424631137674 	 67972864
SAMN04296361 	 55582039 	 96.77 	 0.059837657269104505 	 89.53 	 0.4646098646676136 	 27930206
SAMN04296362 	 103546459 	 97.43 	 0.06092826409447763 	 92.51 	 0.4779870296389213 	 51537876
SAMN04296363 	 81934206 	 96.02 	 0.08419885096585912 	 87.82 	 0.4602911340278653 	 40755684
SAMN04296364 	 95294445 	 97.61 	 0.05878288078596816 	 92.58 	 0.46872066461603873 	 47307852
SAMN04296365 	 108589937 	 97.34 	 0.05764470606516698 	 92.49 	 0.4617423403251768 	 53756324
SAMN04296376 	 146315861 	 97.43 	 0.0444960235719079 	 93.56 	 0.4732886338777261 	 72880702
SAMN04296366 	 97446725 	 96.79 	 0.06303481209861081 	 89.9 	 0.4714158188201302 	 48559892
SAMN04296367 	 98788071 	 96.86 	 0.05241698666228638 	 91.15 	 0.4614356390070831 	 48922034
SAMN04296368 	 111845685 	 97.02 	 0.06682132618705854 	 91.69 	 0.4636820230261645 	 55754294
SAMN04296369 	 135151436 	 97.17 	 0.05992255235823021 	 91.31 	 0.44854660438500243 	 66755318
SAMN04296370 	 89298995 	 96.62 	 0.06284285730203347 	 89.44 	 0.4751987808801821 	 44346072
SAMN04296371 	 100377277 	 96.66 	 0.05314437848318997 	 88.09 	 0.47029446277836745 	 50191346
SAMN04296372 	 83711126 	 96.36 	 0.05928505847597845 	 90.68 	 0.4787192177267279 	 41396240
SAMN04296373 	 104874616 	 97.1 	 0.059347564142690164 	 91.51 	 0.47005692919915476 	 51952714
SAMN04296374 	 138978696 	 96.74 	 0.07421544666097601 	 90.73 	 0.47054642913735417 	 68940194
SAMN04296375 	 75310680 	 96.58 	 0.044230087950341175 	 91.16 	 0.47406264635527756 	 37758044
