Sample	Total_alignments	Percent_mapped	Percent_duplicates	Percent_properly_paired	Fraction_reads_pass_filter	Num_filtered_reads
SAMN04884558 	 85739172 	 96.71 	 0.022242388811499137 	 93.45 	 0.16157273030597608 	 15001986
SAMN04884559 	 71108409 	 96.32 	 0.024821213479829088 	 93.18 	 0.16045641950268685 	 12371266
SAMN04884560 	 89412189 	 96.33 	 0.02403577212498399 	 93.39 	 0.156547346178127 	 15285214
SAMN04884643 	 90740324 	 96.87 	 0.032527324896922345 	 93.61 	 0.16110274857212672 	 15738924
SAMN04884644 	 120357522 	 96.85 	 0.027482993543187107 	 93.52 	 0.1611116811713606 	 20879500
SAMN04884645 	 101270883 	 96.8 	 0.030661883337187848 	 93.48 	 0.16141555561269844 	 17777222
SAMN04884561 	 82123338 	 97.03 	 0.021503704586386882 	 93.88 	 0.15908589310584154 	 14126498
SAMN04884562 	 108721849 	 97.02 	 0.02436226962990668 	 93.73 	 0.15917977097451028 	 18775034
SAMN04884563 	 97683412 	 95.82 	 0.03108640390243535 	 92.16 	 0.16222218222448473 	 17196524
