Sample	Total_Reads	Percent_mapped	Num_duplicates	Percent_properly_paired	Fraction_reads_pass_filter	NumReadsPassingFilters
SAMEA3522226 	 87383464 	 98.02 	 1651823 	 94.26 	 0.8165027299898449 	 86912104
SAMEA3522227 	 52245591 	 97.98 	 769811 	 94.37 	 0.7802865008593103 	 51944320
SAMEA3522228 	 43896330 	 98.13 	 569240 	 94.52 	 0.7414516186494923 	 43662726
SAMEA3539925 	 24614714 	 98.35 	 405117 	 95.19 	 0.9989853493749755 	 24405296
SAMEA3539926 	 39688052 	 98.24 	 399221 	 94.45 	 0.9937960328876211 	 39327556
SAMEA3539927 	 34585189 	 98.18 	 374910 	 94.76 	 0.720629122890083 	 34409516
SAMEA3539928 	 50366005 	 98.09 	 650406 	 94.54 	 0.758924121348051 	 50090522
SAMEA3539929 	 35624503 	 98.19 	 384802 	 94.70 	 0.7479698716672533 	 35428872
SAMEA3539930 	 29932560 	 98.19 	 322135 	 94.89 	 0.7945193037017295 	 29775960
SAMEA3539931 	 59518875 	 98.38 	 609780 	 94.91 	 0.9923484161710026 	 59067396
SAMEA3539932 	 53626222 	 98.28 	 595828 	 94.54 	 0.8566083831198418 	 53201824
SAMEA3539933 	 57988814 	 98.32 	 574561 	 94.74 	 0.9792630092163193 	 57494858
SAMEA3539934 	 42768599 	 98.26 	 375692 	 94.54 	 0.9666468787458666 	 42389078
SAMEA3539935 	 76190114 	 98.06 	 1550566 	 93.33 	 0.909127652304782 	 75784752
SAMEA3539936 	 121439808 	 97.84 	 3950202 	 93.20 	 0.9038618087577389 	 120736172
SAMEA3539937 	 62134595 	 98.00 	 1638016 	 93.07 	 0.8905601031799746 	 61774056
SAMEA3539938 	 41974103 	 97.97 	 971168 	 92.93 	 0.9000725949743985 	 41728568
SAMEA3539939 	 130659995 	 98.05 	 3720903 	 93.15 	 0.9035526957792464 	 129943428
SAMEA3539940 	 49000495 	 97.91 	 910832 	 92.87 	 0.9076084845047518 	 48731440
SAMEA3539941 	 135349720 	 98.00 	 3108984 	 92.86 	 0.8947288851144657 	 134615180
SAMEA3539942 	 82982533 	 98.02 	 2214952 	 93.10 	 0.9002958483436198 	 82521546
SAMEA3539943 	 68724255 	 98.01 	 1647826 	 93.04 	 0.9031809692130017 	 68337304
SAMEA3539944 	 72585928 	 98.08 	 2127452 	 92.97 	 0.8813527799334112 	 72172918
SAMEA3539945 	 136531888 	 97.95 	 4218925 	 92.94 	 0.9022565086046681 	 135739006
SAMEA3539946 	 80619815 	 97.93 	 1558769 	 92.70 	 0.8824380932039706 	 80185930
SAMEA3539947 	 52202416 	 97.96 	 1419292 	 93.01 	 0.8995482832597571 	 51905816
SAMEA3539948 	 38912963 	 98.04 	 848558 	 93.21 	 0.89203543584469 	 38699746
SAMEA3539949 	 47583530 	 97.97 	 1020188 	 93.26 	 0.8923821439367838 	 47326152
SAMEA3539951 	 93971302 	 98.13 	 1769851 	 93.31 	 0.8919117793677048 	 93484868
SAMEA3539952 	 45794217 	 97.90 	 914889 	 92.61 	 0.8970397321803127 	 45546708
SAMEA3539953 	 25680145 	 98.00 	 343295 	 93.20 	 0.8933474343761181 	 25544046
SAMEA3539954 	 67333434 	 98.02 	 1135679 	 93.14 	 0.8905774077838189 	 66984924
SAMEA3539955 	 41172880 	 98.04 	 647375 	 93.08 	 0.887739126834683 	 40954948
SAMEA3539956 	 64417694 	 98.05 	 1017728 	 93.05 	 0.8841695823405472 	 64084194
SAMEA3539958 	 83641672 	 98.30 	 1288011 	 94.95 	 0.7722661773797316 	 83200526
SAMEA3539959 	 61261530 	 98.23 	 790468 	 94.67 	 0.7570405410885462 	 60932994
SAMEA3539960 	 59303296 	 98.16 	 913168 	 94.54 	 0.7625119745821672 	 58994060
SAMEA3539961 	 101358021 	 98.09 	 1817894 	 94.11 	 0.7307502159483814 	 100815184
SAMEA3539962 	 47884341 	 98.20 	 612610 	 94.69 	 0.7545535140254773 	 47621816
SAMEA3539963 	 39636067 	 98.11 	 560258 	 94.49 	 0.7479145834072695 	 39409018
SAMEA3539964 	 31581843 	 98.16 	 374433 	 94.19 	 0.7574590969091582 	 31399770
SAMEA3539965 	 42636971 	 98.16 	 794775 	 94.22 	 0.7353179152666132 	 42364074
SAMEA3539966 	 41463084 	 98.04 	 848001 	 94.26 	 0.7757170140554317 	 41208266
SAMEA3539967 	 50327323 	 98.20 	 966467 	 94.47 	 0.7824995257141423 	 50048136
SAMEA3539968 	 47320251 	 98.37 	 610248 	 95.20 	 0.732330403362277 	 47074730
SAMEA3539969 	 51017887 	 98.22 	 1214603 	 94.20 	 0.7516699295965216 	 50649160
SAMEA3539970 	 64451214 	 98.15 	 967539 	 94.40 	 0.7719568579274079 	 64096038
SAMEA3539971 	 114801101 	 98.16 	 1942193 	 94.45 	 0.719274058468943 	 114178794
SAMEA3539972 	 140241097 	 98.13 	 2536291 	 94.56 	 0.748341987518762 	 139485744
SAMEA3539973 	 63958906 	 98.03 	 881191 	 94.39 	 0.7161824932221181 	 63617514
SAMEA3539974 	 68947585 	 98.18 	 1005205 	 94.65 	 0.7452497841127128 	 68571160
SAMEA3539975 	 48615579 	 98.09 	 605018 	 94.28 	 0.7799166798753411 	 48358506
SAMEA3539976 	 41882693 	 98.15 	 595656 	 94.26 	 0.7490691112058523 	 41644286
SAMEA3628558 	 64218995 	 98.07 	 1259022 	 93.37 	 0.9062202984852018 	 63870780
SAMEA3628559 	 92093057 	 98.10 	 1767314 	 93.28 	 0.8934643551162025 	 91608832
SAMEA3628560 	 48533410 	 98.08 	 852508 	 93.40 	 0.8990519499118472 	 48275970
SAMEA3628561 	 67665476 	 98.08 	 1380819 	 93.64 	 0.914144859118988 	 67303886
SAMEA3628562 	 64300656 	 98.05 	 1474193 	 93.32 	 0.8977770304326814 	 63961936
SAMEA3628563 	 88231979 	 98.11 	 1751978 	 93.39 	 0.8965969891088607 	 87771532
SAMEA3628564 	 84758049 	 98.13 	 1644657 	 93.35 	 0.8924972302061563 	 84298932
SAMEA3628565 	 70097480 	 98.03 	 1213857 	 93.16 	 0.8926238590167078 	 69714866
SAMEA3628566 	 53076860 	 98.08 	 809480 	 93.28 	 0.890777287204957 	 52800756
SAMEA3628567 	 68055456 	 98.10 	 1114448 	 93.41 	 0.8926827921290813 	 67694250
SAMEA3628568 	 53979760 	 98.18 	 796674 	 93.53 	 0.9057721543322145 	 53711700
SAMEA3628569 	 146267010 	 98.11 	 2917564 	 93.17 	 0.8840095515918386 	 145485018
SAMEA3628570 	 64302424 	 97.95 	 1376335 	 93.37 	 0.9058790647282465 	 63946746
SAMEA3628571 	 59350552 	 1.64 	 14509 	 1.56 	 0.8875622623603147 	 59345814
SAMEA3628572 	 79469857 	 98.16 	 1462749 	 93.27 	 0.8909440818716885 	 79051086
SAMEA3628573 	 65278607 	 98.18 	 1030495 	 93.44 	 0.8940994826638018 	 64940298
SAMEA3628574 	 69152036 	 97.25 	 1334977 	 92.35 	 0.8880944196522025 	 68769650
SAMEA3628575 	 56056722 	 98.07 	 867990 	 93.05 	 0.8782912425460715 	 55764782
SAMEA3628576 	 118773882 	 98.12 	 2168645 	 93.23 	 0.8832135536161317 	 118160508
SAMEA3638068 	 109934213 	 98.31 	 13148553 	 92.90 	 0.9491474499677846 	 108198018
SAMEA3638069 	 117259375 	 97.68 	 2667719 	 91.99 	 0.8952421342868476 	 116429996
SAMEA3638070 	 55068205 	 97.87 	 5726586 	 91.90 	 0.933738599874692 	 54169758
SAMEA3638071 	 69263640 	 98.17 	 7468313 	 92.19 	 0.9334633599605086 	 68120256
SAMEA3638072 	 105615360 	 98.07 	 10283948 	 92.24 	 0.9403781089469458 	 103894574
SAMEA3638073 	 54176041 	 97.69 	 1100197 	 91.42 	 0.8375197447985661 	 53807322
SAMEA3638074 	 74644217 	 98.08 	 7104674 	 92.39 	 0.9387946687280495 	 73450112
SAMEA3638075 	 55232800 	 97.68 	 1182377 	 91.72 	 0.8401905367207358 	 54839890
SAMEA3638076 	 49133453 	 97.73 	 890228 	 92.15 	 0.9011858088608841 	 48789522
SAMEA3638077 	 79650815 	 97.79 	 1506214 	 92.41 	 0.8955722051022974 	 79098182
SAMEA3638078 	 74341606 	 97.61 	 1473411 	 91.87 	 0.889616568125604 	 73821550
SAMEA3638079 	 48729627 	 97.76 	 882620 	 92.17 	 0.8918862776935018 	 48388696
SAMEA3638080 	 64866139 	 97.82 	 1326659 	 91.83 	 0.8431191668906418 	 64414188
SAMEA3638081 	 68968759 	 98.15 	 6648742 	 92.43 	 0.9235490359788344 	 67858000
SAMEA3638082 	 163707144 	 98.05 	 14126462 	 92.19 	 0.9506595525235577 	 160966204
SAMEA3638084 	 149982645 	 98.06 	 17067519 	 91.99 	 0.9338442296320673 	 147491550
SAMEA3638085 	 165417417 	 97.93 	 14909661 	 91.37 	 0.9326978320661947 	 162631846
SAMEA3638086 	 44720601 	 97.36 	 894998 	 90.35 	 0.8695400188060769 	 44400642
SAMEA3644431 	 165188145 	 98.28 	 14606673 	 92.30 	 0.9397770946324961 	 162422288
SAMEA3644432 	 96333767 	 97.91 	 2646150 	 92.44 	 0.9119198450505731 	 95658774
SAMEA3644433 	 77809605 	 97.90 	 3024261 	 91.97 	 0.8472152491008045 	 77262142
SAMEA3644435 	 75184599 	 98.06 	 4611167 	 92.22 	 0.9060190821929536 	 74183420
SAMEA3644436 	 62786611 	 98.09 	 3069057 	 92.54 	 0.9331252482815905 	 62012518
SAMEA3644437 	 69105280 	 98.24 	 7526407 	 92.50 	 0.9335378566911717 	 67967792
SAMEA3644438 	 160168991 	 98.31 	 22460289 	 92.64 	 0.9307625726766214 	 157526530
SAMEA3644439 	 71537440 	 98.32 	 7907289 	 92.75 	 0.9456429725005704 	 70367200
SAMEA3644440 	 67081514 	 98.31 	 8770029 	 92.63 	 0.9415754668805839 	 65983912
SAMEA3644441 	 70029260 	 98.28 	 8242324 	 92.51 	 0.9327022601341697 	 68863180
SAMEA3644442 	 126009055 	 98.26 	 11770766 	 92.25 	 0.9276767798565285 	 123895774
SAMEA3644443 	 78922887 	 98.18 	 8474809 	 92.37 	 0.927880529175048 	 77629458
SAMEA3644444 	 58558374 	 98.32 	 6615292 	 92.47 	 0.9331809323550732 	 57580078
SAMEA3644445 	 44560641 	 98.32 	 4983264 	 92.61 	 0.9475322791409388 	 43821452
SAMEA3644447 	 61013648 	 97.97 	 1569037 	 92.20 	 0.8762616570999197 	 60582146
SAMEA3644448 	 68128068 	 97.90 	 1977189 	 91.44 	 0.8564172153370462 	 67649218
SAMEA3644449 	 43737053 	 97.86 	 1027383 	 92.02 	 0.8465552434169994 	 43426364
SAMEA3644450 	 66883836 	 97.81 	 1835004 	 91.94 	 0.8913490855479622 	 66405432
SAMEA3649937 	 146345084 	 98.28 	 12781197 	 92.30 	 0.9449902271356981 	 143821716
SAMEA3649938 	 75463960 	 97.74 	 9383909 	 91.64 	 0.9417625314501149 	 74145936
SAMEA3649939 	 62440055 	 97.92 	 1494473 	 92.41 	 0.9100395760849197 	 61979412
SAMEA3649940 	 108840101 	 97.92 	 2784732 	 92.41 	 0.9081118771821267 	 108046866
SAMEA3649941 	 94417436 	 97.91 	 2595247 	 92.19 	 0.8661488845587884 	 93717046
SAMEA3649942 	 64335526 	 97.76 	 1509236 	 91.83 	 0.842455366419405 	 63870944
SAMEA3649943 	 57771215 	 97.92 	 1212053 	 91.97 	 0.8442088620776086 	 57358260
SAMEA3649944 	 53031495 	 98.32 	 6591331 	 92.46 	 0.9490220943841396 	 52121772
SAMEA3649945 	 195259131 	 98.32 	 18124449 	 92.40 	 0.9313870562192101 	 191927872
SAMEA3649946 	 76182034 	 98.30 	 10227442 	 92.27 	 0.9369530739480938 	 74874300
SAMEA3649947 	 96125244 	 98.19 	 10252039 	 91.87 	 0.9253407352288626 	 94441260
SAMEA3649948 	 107104055 	 97.88 	 2706377 	 92.20 	 0.8928485513673167 	 106312652
SAMEA3649949 	 157425804 	 98.24 	 13886395 	 92.36 	 0.9341718240116381 	 154747218
SAMEA3649950 	 110423004 	 98.29 	 12272006 	 92.31 	 0.953336268268615 	 108530064
SAMEA3649951 	 119391577 	 97.50 	 3874431 	 91.81 	 0.8778362112096041 	 118507188
SAMEA3649952 	 33704271 	 97.81 	 595517 	 92.11 	 0.9022232431044472 	 33457500
SAMEA3649953 	 59650496 	 98.28 	 8298956 	 92.31 	 0.9481805558651679 	 58612386
SAMEA3649954 	 62261900 	 98.24 	 7584257 	 92.28 	 0.9392916855675747 	 61183548
SAMEA3649955 	 146361478 	 98.32 	 14008612 	 92.57 	 0.94799884568941 	 143846808
SAMEA3649956 	 84905259 	 98.30 	 11217469 	 92.22 	 0.9339321312112694 	 83441548
SAMEA3649957 	 137321256 	 98.28 	 17948413 	 92.24 	 0.9448515932620549 	 134988842
SAMEA3649959 	 62651768 	 98.31 	 7065704 	 92.50 	 0.9209311769688742 	 61601534
SAMEA3649960 	 89732410 	 98.26 	 8361971 	 92.47 	 0.9282651155592969 	 88189016
SAMEA3649961 	 93845491 	 98.23 	 8269539 	 92.72 	 0.9441752529152684 	 92271600
SAMEA3649962 	 57592175 	 98.26 	 5559989 	 92.33 	 0.9253073176958447 	 56599322
SAMEA3649963 	 66133342 	 98.24 	 5793757 	 92.36 	 0.9343169136900117 	 65006426
SAMEA3649964 	 116189855 	 98.24 	 11865219 	 92.39 	 0.9339345796460934 	 114188888
SAMEA3649965 	 41148130 	 98.24 	 3302213 	 92.40 	 0.9320410999100527 	 40447316
SAMEA3649967 	 78482395 	 97.71 	 1900859 	 91.84 	 0.8933335008767712 	 77917586
SAMEA3649968 	 125119619 	 98.17 	 9015820 	 91.73 	 0.8745042681945776 	 123403564
SAMEA3649969 	 98188764 	 98.05 	 11346310 	 91.80 	 0.9468688310343222 	 96486110
SAMEA3649970 	 74592006 	 97.89 	 1904423 	 92.04 	 0.8867829736621394 	 74053336
SAMEA3649971 	 67088379 	 97.89 	 1726173 	 91.62 	 0.8829204807199876 	 66602386
SAMEA3649972 	 80113099 	 98.16 	 8320321 	 92.32 	 0.9460223448905837 	 78775152
SAMEA3649973 	 70487838 	 98.26 	 7863695 	 92.15 	 0.9347167037078031 	 69282320
SAMEA3644434 	 58609097 	 97.89 	 1853270 	 91.83 	 0.8375316930795572 	 58192094
SAMEA3644446 	 61935755 	 97.91 	 1808519 	 92.06 	 0.8898869793990777 	 61494312
SAMEA3649958 	 53240349 	 97.91 	 1380113 	 91.63 	 0.8292860531854904 	 52851596
SAMEA3539950 	 62270825 	 97.91 	 1481027 	 93.00 	 0.8872957540748166 	 61923510
SAMEA3649966 	 95565519 	 98.21 	 9828545 	 92.39 	 0.9332885144661759 	 93936482
SAMEA3638083 	 60062260 	 98.05 	 5887468 	 92.11 	 0.9488367162618733 	 59058550
SAMEA3539957 	 56762419 	 97.99 	 1001252 	 93.04 	 0.8905758624549046 	 56463500
SAMEA104219275 	 357162088 	 97.91 	 61978330 	 90.64 	 0.8769431388714491 	 351920044
SAMEA104219276 	 337442662 	 97.78 	 85927268 	 90.78 	 0.9039173634059583 	 332213386
SAMEA104219277 	 304788235 	 97.77 	 79364545 	 90.76 	 0.9104170287567188 	 300212040
SAMEA104219278 	 421663026 	 97.84 	 81530966 	 90.86 	 0.9425691537411586 	 414892542
SAMEA104219279 	 404947435 	 97.69 	 68703399 	 90.27 	 0.9440273337393728 	 398257204
SAMEA104219280 	 361968562 	 97.81 	 72721932 	 90.77 	 0.9181175938806403 	 356266902
SAMEA104219281 	 384423073 	 97.83 	 79287177 	 91.02 	 0.9192961455656439 	 378412588
SAMEA104219282 	 354600097 	 97.74 	 80603190 	 90.73 	 0.881389040338661 	 349368256
SAMEA104219283 	 374869172 	 97.83 	 87826310 	 90.81 	 0.9086590365718875 	 368888280
SAMEA104219284 	 284281089 	 97.79 	 71675383 	 90.93 	 0.9092621804967035 	 280019198
SAMEA104219285 	 403081856 	 97.96 	 101840235 	 91.27 	 0.8993719700314492 	 397284624
SAMEA104219286 	 376899292 	 97.90 	 67520021 	 90.93 	 0.932489672829623 	 371178402
SAMEA104219287 	 354219511 	 97.77 	 56362292 	 90.69 	 0.9237236945230426 	 348938946
SAMEA104219288 	 319353172 	 97.85 	 67337045 	 91.00 	 0.9263012596093986 	 314351474
SAMEA104219289 	 366679613 	 97.95 	 71364543 	 91.40 	 0.9168678762978051 	 361335888
SAMEA104219290 	 453665119 	 97.92 	 95708205 	 91.23 	 0.9390231953525847 	 446735468
SAMEA6504475 	 111022783 	 99.39 	 2614631 	 95.08 	 0.9427720077607125 	 107495298
SAMEA6504476 	 100016633 	 99.28 	 2065807 	 95.03 	 0.9407442154348097 	 96961590
SAMEA6504477 	 117029495 	 99.39 	 2541029 	 95.28 	 0.9328178346723716 	 113576672
SAMEA6504478 	 63765809 	 99.39 	 1199079 	 95.40 	 0.9328863152139221 	 61940584
SAMEA6504479 	 137435241 	 99.37 	 3175854 	 94.30 	 0.9374756409279883 	 132308984
SAMEA6504480 	 130084362 	 99.34 	 3219115 	 94.59 	 0.9303097934209862 	 125363018
SAMEA6504482 	 97771272 	 99.21 	 2178591 	 94.33 	 0.9451924827075401 	 94022888
SAMEA6504483 	 150528055 	 99.44 	 3858629 	 95.34 	 0.9359356523146347 	 145164696
SAMEA6504484 	 129616515 	 99.35 	 3173806 	 94.96 	 0.9347255995304691 	 124930836
SAMEA6504485 	 52735974 	 99.29 	 977614 	 94.40 	 0.9377221315843972 	 50876118
SAMEA6504481 	 127120736 	 99.27 	 3037874 	 94.79 	 0.9319278365430452 	 122633452
SAMEA6504486 	 61483432 	 99.38 	 1378856 	 94.59 	 0.9446604003507278 	 59216638
SAMEA7230561 	 330382941 	 94.68 	 106370060 	 80.98 	 0.913203916782187 	 303683464
SAMEA7230498 	 327538375 	 95.20 	 96972897 	 82.43 	 0.9060241131561477 	 302797738
SAMEA7230534 	 318800661 	 93.75 	 78492468 	 81.14 	 0.9120053917153598 	 294961362
SAMEA7230449 	 401347214 	 94.94 	 115727386 	 81.01 	 0.8965984838234042 	 366681916
SAMEA7230458 	 465665872 	 95.89 	 137198444 	 82.17 	 0.9130715031055159 	 425646738
SAMEA7230495 	 396426348 	 95.79 	 111997506 	 82.06 	 0.9158283519929293 	 364047688
SAMEA7230529 	 351395592 	 94.41 	 97512346 	 80.76 	 0.9022047930433935 	 321359012
SAMEA7230476 	 387245539 	 96.29 	 113212336 	 83.06 	 0.915378150594119 	 353223576
SAMEA7230478 	 394712819 	 95.92 	 118807418 	 82.54 	 0.9110873046564405 	 360070216
SAMEA7230508 	 354987281 	 96.05 	 102783302 	 81.98 	 0.8997663500167894 	 323910518
SAMEA7230552 	 440633635 	 95.32 	 133627921 	 80.72 	 0.884329930027047 	 399423736
SAMEA7230451 	 436149704 	 92.36 	 146647678 	 79.68 	 0.9412062511148277 	 401625792
SAMEA7230452 	 446409941 	 95.44 	 155697771 	 81.71 	 0.92918047132514 	 408120900
SAMEA7230481 	 358101070 	 96.17 	 124494295 	 83.00 	 0.9417184104849342 	 328284038
SAMEA7230494 	 402508678 	 95.56 	 139783661 	 81.48 	 0.9237240759170228 	 367125608
SAMEA7230510 	 491691835 	 96.17 	 177800762 	 83.07 	 0.9413631315320534 	 450660762
SAMEA7230512 	 386494089 	 95.81 	 133630415 	 82.37 	 0.9375627045218798 	 354779094
SAMEA7230550 	 393563960 	 94.94 	 140042660 	 81.17 	 0.9149965831351704 	 358477548
SAMEA7230553 	 502047803 	 93.83 	 188658897 	 80.58 	 0.9298317380715773 	 459544590
SAMEA7230450 	 391808927 	 93.77 	 153169624 	 80.95 	 0.9485083087291019 	 361766060
SAMEA7230457 	 292984157 	 96.09 	 104553050 	 83.22 	 0.939309499798419 	 270980958
SAMEA7230461 	 305029299 	 94.28 	 108706664 	 81.32 	 0.9326227719349508 	 282177334
SAMEA7230454 	 264061109 	 95.90 	 96705286 	 82.87 	 0.9373211897116157 	 244536068
SAMEA7230469 	 333681453 	 96.30 	 123237510 	 83.49 	 0.9333400148871609 	 308954964
SAMEA7230470 	 340791105 	 96.32 	 127906691 	 82.94 	 0.9302189164723961 	 314150766
SAMEA7230471 	 286402288 	 95.36 	 95518560 	 82.62 	 0.9368322142393206 	 263849170
SAMEA7230474 	 382029713 	 94.17 	 145614187 	 81.35 	 0.9412431577737441 	 352133600
SAMEA7230475 	 314662199 	 91.89 	 110477465 	 79.20 	 0.9466644026557769 	 290978038
SAMEA7230477 	 378271837 	 95.40 	 131357783 	 82.62 	 0.9451489019275549 	 348824300
SAMEA7230479 	 357673029 	 93.46 	 127331545 	 79.83 	 0.9201614085819316 	 326445420
SAMEA7230472 	 398856380 	 94.37 	 142672044 	 81.67 	 0.9300704234549254 	 367472052
SAMEA7230473 	 350269542 	 94.71 	 128814243 	 81.13 	 0.9326215097532581 	 321253840
SAMEA7230509 	 354988521 	 94.44 	 137720075 	 81.44 	 0.9174607314041998 	 328166318
SAMEA7230513 	 370394400 	 92.80 	 147576007 	 79.73 	 0.9101830501119207 	 342355710
SAMEA7230490 	 383773180 	 95.49 	 141786159 	 82.96 	 0.9491674655418161 	 353646870
SAMEA7230491 	 268540003 	 95.81 	 94448618 	 83.03 	 0.9431816758551106 	 247905468
SAMEA7230489 	 390254622 	 96.13 	 141238251 	 83.25 	 0.9386208834599593 	 359834196
SAMEA7230496 	 305041902 	 95.66 	 96392271 	 82.41 	 0.9185193624251416 	 281778162
SAMEA7230497 	 164351702 	 96.68 	 48036135 	 84.53 	 0.9529734935284087 	 151810370
SAMEA7230500 	 341679698 	 95.62 	 127904223 	 82.06 	 0.9265714057399679 	 314646556
SAMEA7230492 	 338651473 	 95.29 	 127580425 	 82.37 	 0.9369584648507981 	 312003138
SAMEA7230516 	 324666840 	 94.96 	 127300387 	 81.79 	 0.9295462992426051 	 300637718
SAMEA7230517 	 326337466 	 96.77 	 124824541 	 83.43 	 0.9458078708659381 	 300081650
SAMEA7230518 	 351536372 	 96.44 	 134908019 	 83.54 	 0.9390336670334402 	 325420320
SAMEA7230514 	 349077431 	 96.12 	 138297818 	 82.99 	 0.9431261995358698 	 320583540
SAMEA7230515 	 377489936 	 96.18 	 144257777 	 83.40 	 0.9439824321977514 	 349960064
SAMEA7230530 	 347112289 	 93.45 	 117627937 	 80.62 	 0.921956858229756 	 321113672
SAMEA7230537 	 315125099 	 86.35 	 111610235 	 74.76 	 0.9013751166010374 	 296046138
SAMEA7230531 	 238391731 	 94.59 	 72612058 	 81.60 	 0.932042084426616 	 220540484
SAMEA7230548 	 382788268 	 94.38 	 126631853 	 81.37 	 0.9036505638191634 	 353980014
SAMEA7230549 	 303106119 	 95.35 	 95174495 	 81.61 	 0.9047017675157502 	 278055192
SAMEA7230555 	 390998771 	 89.45 	 140808623 	 76.97 	 0.8876371075755671 	 363672862
SAMEA7230560 	 400232989 	 90.97 	 139643029 	 77.33 	 0.8745653357147894 	 367341586
SAMEA7230535 	 286823429 	 88.58 	 103738244 	 76.24 	 0.9067377126914684 	 267611968
SAMEA7230536 	 347483605 	 83.32 	 132005832 	 71.97 	 0.9082341027266495 	 325717960
SAMEA7230539 	 320784557 	 87.37 	 121674662 	 75.53 	 0.9177963138914603 	 300025304
SAMEA7230532 	 391385451 	 87.85 	 152805522 	 75.66 	 0.904968299923579 	 366904096
SAMEA7230459 	 448028868 	 89.82 	 148265874 	 77.85 	 0.8575807975597972 	 416777750
SAMEA7230460 	 233272117 	 93.49 	 54533031 	 79.99 	 0.8886907082992921 	 214552284
SAMEA7230453 	 244673017 	 93.72 	 56398718 	 81.04 	 0.8986522299192012 	 226777304
SAMEA7230455 	 343349756 	 95.01 	 86281349 	 82.04 	 0.8906405399038405 	 316749972
SAMEA7230456 	 374747431 	 94.36 	 87647786 	 81.50 	 0.893967291619387 	 346742886
SAMEA7230480 	 305843122 	 94.66 	 76529342 	 82.50 	 0.8950391406330378 	 283080706
SAMEA7230519 	 321582597 	 96.20 	 68460042 	 83.47 	 0.915432038294507 	 297459886
SAMEA7230511 	 303020347 	 96.12 	 63345317 	 83.22 	 0.9084592013823433 	 280710690
SAMEA7230499 	 324052024 	 95.31 	 95819399 	 82.59 	 0.9066653711984878 	 298967798
SAMEA7230493 	 298860154 	 95.54 	 86929767 	 82.70 	 0.9056770988206319 	 275854998
SAMEA7230520 	 333349955 	 96.05 	 97469971 	 83.26 	 0.9115629110417726 	 308491660
SAMEA7230528 	 220856055 	 96.05 	 48524412 	 84.00 	 0.920596531376143 	 205091020
SAMEA7230538 	 218437023 	 96.17 	 46976937 	 84.09 	 0.9226603388116753 	 203119016
SAMEA7230540 	 316028833 	 88.48 	 96812934 	 77.33 	 0.8922589441098695 	 295656056
SAMEA7230533 	 281930558 	 78.64 	 89842601 	 70.65 	 0.9029681605447543 	 269417922
SAMEA7230554 	 257483058 	 95.07 	 72135643 	 82.04 	 0.9132543626922076 	 236875080
SAMEA7230556 	 288573050 	 92.91 	 83725292 	 79.79 	 0.9041056766989264 	 264336042
SAMEA7230557 	 265506138 	 95.95 	 77133454 	 83.16 	 0.9114824826255113 	 243439086
SAMEA7230558 	 388078859 	 92.75 	 125056811 	 80.21 	 0.8990528018627613 	 358859454
SAMEA7230559 	 361904686 	 95.07 	 109753170 	 82.36 	 0.908193859336095 	 334242270
SAMEA7230551 	 355160037 	 94.74 	 107178869 	 81.70 	 0.8949362552541269 	 325704044
SAMEA7230442 	 173025299 	 97.92 	 27200118 	 90.87 	 0.959797383374419 	 169885924
SAMEA7230444 	 136720654 	 97.84 	 21413493 	 90.80 	 0.9601721590443011 	 134234330
SAMEA7230445 	 103344306 	 98.00 	 16839710 	 91.03 	 0.9629961783789353 	 101544434
SAMEA7230447 	 188496281 	 98.13 	 29885596 	 91.52 	 0.9650893391169009 	 185227796
SAMEA7230448 	 107071329 	 97.95 	 17135747 	 90.87 	 0.9589927452404721 	 105184436
SAMEA7230482 	 175498989 	 98.14 	 32714594 	 91.51 	 0.9625587899006687 	 172348088
SAMEA7230483 	 104277814 	 98.18 	 19332428 	 91.76 	 0.966350569131215 	 102439258
SAMEA7230504 	 213864031 	 98.19 	 37364873 	 91.62 	 0.9627198674554257 	 210028678
SAMEA7230505 	 128646714 	 98.16 	 24250642 	 91.43 	 0.9642902689990115 	 126301698
SAMEA7230501 	 110212389 	 98.09 	 15452118 	 91.07 	 0.955963509597274 	 108188830
SAMEA7230503 	 114332617 	 98.17 	 21259494 	 91.38 	 0.9651799383087132 	 112243908
SAMEA7230446 	 160036087 	 97.95 	 44170617 	 91.48 	 0.9632123008779792 	 157342388
SAMEA7230443 	 121606149 	 98.05 	 36179069 	 91.75 	 0.9663360960227227 	 119522946
SAMEA7230488 	 120025672 	 98.08 	 30632447 	 91.59 	 0.9641373045329722 	 117921798
SAMEA7230522 	 135656254 	 98.05 	 33336786 	 91.97 	 0.9671077096713752 	 133309852
SAMEA7230524 	 149934617 	 97.92 	 38120023 	 91.51 	 0.9659310419600097 	 147392940
SAMEA7230525 	 128646420 	 97.93 	 32300013 	 91.82 	 0.9703124330681072 	 126441124
SAMEA7230526 	 131595491 	 97.88 	 38328472 	 91.61 	 0.965914290684828 	 129255714
SAMEA7230527 	 120745305 	 98.02 	 36355296 	 91.87 	 0.9667951333532872 	 118564586
SAMEA7230521 	 152087438 	 97.95 	 44193417 	 91.70 	 0.9666544731962692 	 149399024
SAMEA7230545 	 137890279 	 98.31 	 35481142 	 92.05 	 0.9693014965804142 	 135457868
SAMEA7230547 	 123157572 	 98.34 	 37167441 	 92.18 	 0.9663324632538713 	 120939716
SAMEA7230541 	 136387642 	 98.31 	 32106443 	 92.19 	 0.9672727408191026 	 133980888
SAMEA7230542 	 131980530 	 98.24 	 31736499 	 92.13 	 0.966828156584457 	 129720318
SAMEA7230465 	 137727757 	 97.96 	 20147622 	 91.41 	 0.9674128717040283 	 135434122
SAMEA7230466 	 147792773 	 98.23 	 23525322 	 91.66 	 0.969831946895746 	 145319520
SAMEA7230467 	 127453122 	 98.09 	 19029801 	 91.40 	 0.9680915084021516 	 125271684
SAMEA7230468 	 119845365 	 97.97 	 18422084 	 91.28 	 0.9671076384687295 	 117789546
SAMEA7230462 	 123824167 	 98.01 	 18557474 	 91.39 	 0.9681364476574071 	 121677052
SAMEA7230463 	 143952733 	 98.15 	 23072113 	 91.84 	 0.9718850912097138 	 141533062
SAMEA7230464 	 143886738 	 98.18 	 21736674 	 91.77 	 0.9687072390061786 	 141451530
SAMEA7230486 	 144950089 	 98.11 	 21735336 	 91.69 	 0.9665084775756464 	 142352118
SAMEA7230487 	 144903641 	 98.12 	 19807351 	 91.41 	 0.963018698351493 	 142324154
SAMEA7230484 	 143961505 	 98.07 	 18252695 	 91.33 	 0.9643908844557967 	 141393290
SAMEA7230543 	 116138640 	 98.32 	 16182796 	 91.74 	 0.9692266995226427 	 114073212
SAMEA7230546 	 124134176 	 98.28 	 18794066 	 91.86 	 0.968554831233497 	 121936102
SAMEA7230506 	 91110431 	 98.08 	 15887680 	 91.46 	 0.9657016507733808 	 89488080
SAMEA7230544 	 137863536 	 98.18 	 19019530 	 91.71 	 0.9665895732104398 	 135432658
SAMEA7230523 	 139600405 	 97.79 	 40803455 	 91.48 	 0.9644063021321873 	 137139556
SAMEA7230485 	 123862103 	 98.12 	 16902394 	 91.81 	 0.9668275109605713 	 121691746
SAMEA7230507 	 116616958 	 98.10 	 22271572 	 91.51 	 0.9655932230946878 	 114502918
SAMEA7230502 	 120761474 	 97.95 	 18609357 	 90.76 	 0.9607790352163166 	 118475300
SAMN06036149 	 252518666 	 97.25 	 77117174 	 90.69 	 0.9617948419957939 	 250511364
SAMN06036166 	 252554870 	 97.36 	 70139885 	 91.23 	 0.9667379009929307 	 250514172
SAMN06036154 	 273308834 	 97.79 	 72274743 	 91.85 	 0.9678326167344482 	 271107004
SAMN06036152 	 279503277 	 97.47 	 88731737 	 91.23 	 0.9642169655817857 	 277310020
SAMN06036157 	 245555903 	 97.37 	 66014975 	 91.15 	 0.958823080803032 	 243529432
SAMN06036168 	 201184010 	 97.43 	 59272090 	 90.90 	 0.9596798186658486 	 199584276
SAMN06036162 	 246945987 	 97.66 	 71971992 	 91.65 	 0.9656336404153317 	 245020552
SAMN06036156 	 199496404 	 97.76 	 59221657 	 91.70 	 0.9619445157432557 	 197841272
SAMN06036172 	 312196265 	 97.54 	 91697286 	 91.10 	 0.9662385427304373 	 309498776
SAMN06036170 	 241344117 	 97.63 	 69878960 	 91.01 	 0.9554269858950158 	 239379130
SAMN06036151 	 203005295 	 97.32 	 53590871 	 91.29 	 0.9658323601663582 	 201388968
SAMN06036164 	 225053368 	 97.40 	 64240062 	 91.22 	 0.9618568683269992 	 223261432
SAMN06036163 	 234715816 	 97.49 	 64923281 	 91.21 	 0.9657510299173564 	 232852818
SAMN06036150 	 197987161 	 97.36 	 51693313 	 90.78 	 0.9642050040521596 	 196340768
SAMN06036167 	 184849616 	 97.24 	 52046749 	 90.90 	 0.9661495941379449 	 183346108
SAMN06036165 	 270397885 	 97.42 	 76776841 	 91.16 	 0.9633951306599616 	 268156682
SAMN06036171 	 209514687 	 97.43 	 56639634 	 90.93 	 0.9673345963763142 	 207781200
SAMN06036169 	 190863790 	 97.67 	 53794122 	 91.17 	 0.9598539964209181 	 189247012
SAMN06036158 	 227669373 	 97.49 	 59812625 	 91.34 	 0.9646152994224424 	 225792332
SAMN06036153 	 245096830 	 97.69 	 60907593 	 91.44 	 0.9573681754454156 	 243150914
SAMN06036160 	 205950901 	 97.68 	 58861763 	 91.23 	 0.9642264409260166 	 204243650
SAMN06036161 	 258038543 	 97.51 	 59883785 	 91.02 	 0.9596300787837909 	 256039836
SAMN06036159 	 250935801 	 97.59 	 68038685 	 91.03 	 0.9635634671697302 	 248824118
SAMN06036155 	 202213517 	 97.56 	 49749240 	 91.23 	 0.9646679665093691 	 200551528
