Sample	Total_Reads	Percent_mapped	Num_duplicates	Percent_properly_paired	Fraction_reads_pass_filter	NumReadsPassingFilters
SAMN22420268 	 17896006 	 95.72 	 1290591 	 91.64 	 0.9760013047502076 	 17797294
SAMN22420267 	 13172041 	 96.98 	 820245 	 93.06 	 0.9591927766985626 	 13095788
SAMN22420266 	 14363660 	 95.83 	 932135 	 92.21 	 0.9754529323251152 	 14278522
SAMN22420265 	 17652172 	 95.74 	 1336263 	 91.88 	 0.9754376816774045 	 17554156
SAMN22420264 	 15896824 	 95.68 	 1054356 	 91.38 	 0.9743747051193864 	 15802826
SAMN22420263 	 14186618 	 95.66 	 879333 	 91.57 	 0.9734077769099687 	 14105802
SAMN22420182 	 18504145 	 97.32 	 1339592 	 92.85 	 0.9772070676819853 	 18396654
SAMN22420262 	 18952598 	 95.92 	 1489725 	 92.64 	 0.9684788061121488 	 18828088
SAMN22420261 	 17277168 	 95.84 	 1209377 	 91.58 	 0.9726797071774149 	 17177368
SAMN22420260 	 18301917 	 97.14 	 1473337 	 93.70 	 0.974441784344137 	 18187266
SAMN22420259 	 16089299 	 97.27 	 1300422 	 92.97 	 0.9724473708908544 	 15998074
SAMN22420258 	 17268505 	 95.73 	 1222731 	 91.41 	 0.9773049805264867 	 17168256
SAMN22420257 	 17591977 	 95.61 	 1302146 	 92.25 	 0.9794052275686346 	 17489484
SAMN22420256 	 21114051 	 95.89 	 1773415 	 90.23 	 0.9791391426642412 	 20953092
SAMN22420255 	 21000316 	 97.09 	 1616732 	 93.55 	 0.9666033009464097 	 20867960
SAMN22420254 	 15813672 	 97.14 	 1113553 	 93.20 	 0.9784446246621178 	 15720660
SAMN22420253 	 18176316 	 97.12 	 1335628 	 93.80 	 0.97267778675813 	 18076030
SAMN22420181 	 16473712 	 95.61 	 1109405 	 91.87 	 0.9726690684826391 	 16377082
SAMN22420252 	 16466761 	 97.25 	 1203813 	 93.39 	 0.9773778032899479 	 16376358
SAMN22420251 	 15649502 	 97.01 	 1029107 	 93.06 	 0.974485222907662 	 15560276
SAMN22420250 	 18022253 	 96.08 	 1597283 	 91.10 	 0.9689789706855572 	 17830808
SAMN22420249 	 16030355 	 97.11 	 1100593 	 93.19 	 0.9782352886298064 	 15938098
SAMN22420248 	 20748685 	 95.82 	 1704900 	 91.78 	 0.9736254834323862 	 20619680
SAMN22420247 	 15787815 	 97.27 	 1214106 	 93.31 	 0.9704299067823978 	 15698008
SAMN22420246 	 17894233 	 95.97 	 1506951 	 92.03 	 0.9707243535557748 	 17783808
SAMN22420245 	 19791048 	 97.14 	 1525611 	 93.46 	 0.9767161597077658 	 19674816
SAMN22420244 	 17914419 	 95.81 	 1423547 	 91.30 	 0.9762066010266295 	 17810456
SAMN22420243 	 18924947 	 95.97 	 1524466 	 92.54 	 0.973279052836996 	 18815600
SAMN22420242 	 24406759 	 95.70 	 1877216 	 92.56 	 0.9684686601503835 	 24260998
SAMN22420241 	 11894107 	 95.62 	 716034 	 91.77 	 0.971825574220495 	 11821848
SAMN22420240 	 16134740 	 95.72 	 1124172 	 92.07 	 0.9754357677889868 	 16041486
SAMN22420239 	 14265633 	 97.06 	 935778 	 93.19 	 0.9731601236043689 	 14179922
SAMN22420238 	 183958893 	 97.48 	 46230342 	 86.75 	 0.9780029824724775 	 181040270
SAMN22420237 	 15345729 	 95.73 	 1039377 	 92.46 	 0.9731366310173397 	 15246914
SAMN22420236 	 21435996 	 97.02 	 1729834 	 93.21 	 0.9697847409230832 	 21299134
SAMN22420235 	 14625301 	 97.04 	 968860 	 93.79 	 0.9713963690306958 	 14534524
SAMN22420234 	 14645137 	 96.03 	 1090786 	 92.19 	 0.9730773919385091 	 14559760
SAMN22420233 	 24575430 	 95.76 	 1732994 	 92.65 	 0.9749154839854349 	 24419024
SAMN22420179 	 15113326 	 95.66 	 1002643 	 92.10 	 0.9747525800860902 	 15023534
SAMN22420232 	 19237838 	 97.19 	 1503134 	 93.21 	 0.9781388597941181 	 19125510
SAMN22420231 	 17648910 	 95.96 	 1388531 	 92.52 	 0.9760455923582947 	 17550186
SAMN22420230 	 21727302 	 97.00 	 2021736 	 93.26 	 0.9625582022226483 	 21575282
SAMN22420228 	 20141727 	 97.20 	 1777356 	 93.53 	 0.9706265675139912 	 20029250
SAMN22420227 	 19663116 	 96.21 	 1902612 	 92.34 	 0.9728680681447431 	 19549204
SAMN22420226 	 19516991 	 97.34 	 1662847 	 94.06 	 0.9747258648135455 	 19408102
SAMN22420225 	 14469171 	 96.00 	 981976 	 92.51 	 0.9605427936750196 	 14384526
SAMN22420224 	 20291985 	 95.74 	 1559174 	 92.75 	 0.9741061362137828 	 20177804
SAMN22420223 	 21399461 	 96.05 	 1779528 	 92.47 	 0.971439671537035 	 21263944
SAMN22420178 	 15881890 	 97.10 	 1149019 	 93.72 	 0.9712449688536366 	 15791200
SAMN22420222 	 16248821 	 95.95 	 1190770 	 92.52 	 0.9716775955528264 	 16156268
SAMN22420221 	 16996339 	 97.01 	 1208223 	 93.33 	 0.9683514076388071 	 16897734
SAMN22420220 	 13313350 	 95.96 	 842238 	 92.56 	 0.964739546255558 	 13226502
SAMN22420219 	 19663808 	 97.24 	 1720188 	 93.81 	 0.9736970099583041 	 19546874
SAMN22420218 	 17477233 	 96.10 	 1447245 	 92.13 	 0.9721751786112816 	 17380752
SAMN22420217 	 18423734 	 97.27 	 1636551 	 93.52 	 0.9730404101154531 	 18317620
SAMN22420216 	 18898509 	 96.96 	 1488436 	 93.21 	 0.9723288057764313 	 18787168
SAMN22420215 	 16011082 	 97.30 	 1268883 	 92.94 	 0.9751267773610779 	 15917480
SAMN22420214 	 16645193 	 95.83 	 1478084 	 92.44 	 0.9666003128010405 	 16503842
SAMN22420213 	 17698510 	 97.16 	 1774348 	 93.33 	 0.9711118599476092 	 17596510
SAMN22420177 	 17550052 	 96.78 	 1256190 	 92.68 	 0.9738897572744897 	 17428026
SAMN22420212 	 17301312 	 96.00 	 1465547 	 92.57 	 0.9732849316171902 	 17206424
SAMN22420211 	 19415724 	 97.31 	 1761177 	 93.37 	 0.9745229402531463 	 19294874
SAMN22420210 	 20991891 	 96.05 	 2102287 	 92.30 	 0.9724685828280726 	 20865848
SAMN22420209 	 17036784 	 95.77 	 1216965 	 92.30 	 0.9747327784309765 	 16936986
SAMN22420208 	 17469108 	 95.90 	 1302246 	 92.66 	 0.9691685316812578 	 17344430
SAMN22420207 	 18538275 	 96.06 	 1596222 	 92.30 	 0.9669427231888529 	 18419056
SAMN22420206 	 18785785 	 95.61 	 1397150 	 92.45 	 0.9734864678846216 	 18667228
SAMN22420205 	 20590090 	 97.10 	 1549068 	 93.70 	 0.9783952095258932 	 20472456
SAMN22420204 	 17633220 	 97.32 	 1394863 	 93.50 	 0.9746616084440852 	 17536714
SAMN22420203 	 16232201 	 97.12 	 1240864 	 93.61 	 0.975659145838529 	 16141662
SAMN22420176 	 18394513 	 95.82 	 1298130 	 91.76 	 0.9731266803213606 	 18273764
SAMN22420202 	 13355222 	 97.14 	 866029 	 93.62 	 0.9680515451839578 	 13270250
SAMN22420201 	 179646433 	 95.67 	 29885602 	 91.54 	 0.9682240196500991 	 178544142
SAMN22420200 	 18767383 	 97.11 	 1401879 	 93.82 	 0.973074131329465 	 18658352
SAMN22420199 	 322338495 	 96.87 	 78579490 	 91.22 	 0.9532080086589447 	 320045678
SAMN22420198 	 15378277 	 95.74 	 1006844 	 92.06 	 0.9744214102439845 	 15281812
SAMN22420197 	 16395925 	 97.13 	 1085616 	 93.15 	 0.9769569955510159 	 16298046
SAMN22420196 	 16767184 	 97.14 	 1263232 	 93.06 	 0.9749367431862856 	 16667696
SAMN22420195 	 16688805 	 95.67 	 1174245 	 91.78 	 0.9717506913621937 	 16598252
SAMN22420194 	 18608120 	 95.64 	 1460265 	 91.93 	 0.9694410494133019 	 18489170
SAMN22420193 	 20909797 	 97.09 	 1583763 	 93.46 	 0.9712773959632884 	 20783790
SAMN22420175 	 18044820 	 95.65 	 1342603 	 92.08 	 0.9755570904146839 	 17938056
SAMN22420192 	 16784427 	 97.10 	 1273487 	 93.30 	 0.9760192980132388 	 16682848
SAMN22420191 	 21024885 	 95.64 	 1587144 	 92.01 	 0.9734732202408141 	 20894820
SAMN22420190 	 13773133 	 97.13 	 902897 	 92.60 	 0.9676294030777896 	 13689088
SAMN22420189 	 18549953 	 97.10 	 1445334 	 93.52 	 0.9739215312938032 	 18434788
SAMN22420188 	 14772247 	 97.08 	 972482 	 92.81 	 0.9661722191838391 	 14676956
SAMN22420187 	 17943399 	 97.13 	 1254183 	 93.30 	 0.9649516608218678 	 17832546
SAMN22420186 	 16163339 	 95.74 	 1107209 	 91.20 	 0.9726937781250998 	 16071438
SAMN22420185 	 23792087 	 95.99 	 1967464 	 92.63 	 0.9661669926511701 	 23645542
SAMN22420184 	 16602751 	 97.14 	 1184680 	 92.74 	 0.9776377102986155 	 16508844
SAMN22420183 	 17003873 	 97.11 	 1235338 	 92.67 	 0.9766855059732776 	 16906682
SAMN22420174 	 18765980 	 96.95 	 1330756 	 93.57 	 0.9715981871059096 	 18647200
SAMN22420173 	 16068376 	 95.63 	 1078574 	 91.48 	 0.9758625556366791 	 15972284
SAMN22420180 	 15379624 	 95.71 	 1015698 	 92.42 	 0.9755076405917498 	 15289898
SAMN22420229 	 14040600 	 97.11 	 917111 	 92.82 	 0.9752620867308833 	 13958936
